# GIMP colorrc
# 
# This file holds a list of recently used colors.

(color-history
    (color-rgba 0.19543973941368076 0.19543973941368076 0.19543973941368076 1)
    (color-rgba 0.44299674267100975 0.44299674267100975 0.44299674267100975 1)
    (color-rgba 0.46818181818181814 1 0.5582617708024874 1)
    (color-rgba 0.76363636363636367 1 0.80367189813443884 1)
    (color-rgba 0.63636363636363635 1 0.69795676636067516 1)
    (color-rgba 0.60586319218241047 0.60586319218241047 0.60586319218241047 1)
    (color-rgba 0.73941368078175895 0.45037015102161687 0.45037015102161687 1)
    (color-rgba 0.45544554455445541 0.45544554455445541 0.45544554455445541 1)
    (color-rgba 0.6045454545454545 0.71306818181818188 0.2734527587890625 1)
    (color-rgba 0.77272727272727271 0.87784090909090906 0.2734527587890625 1)
    (color-rgba 0.57272727272727275 0.085227272727272707 0.2734527587890625 1)
    (color-rgba 0.30454545454545456 0.82386363636363635 0.2734527587890625 1)
    (color-rgba 0 0 0 1)
    (color-rgba 0.90000000000000002 0.036931818181818232 0.2734527587890625 1)
    (color-rgba 0 0.079545454545454586 0.2734527587890625 1)
    (color-rgba 0.66818181818181821 0.090909090909090939 0.2734527587890625 1)
    (color-rgba 0.86873096227645874 0.39088138937950134 0.2734527587890625 1)
    (color-rgba 0.69293743371963501 0.6737857460975647 0.16574767231941223 1)
    (color-rgba 0.27307245135307312 0.95383000373840332 0.66314846277236938 1)
    (color-rgba 0.37349861860275269 0.52787840366363525 0.96578431129455566 1)
    (color-rgba 0.19188007712364197 0.59786254167556763 0.62060427665710449 1)
    (color-rgba 0.95830976963043213 0.28997123241424561 0.25519171357154846 1)
    (color-rgba 0.45461541414260864 0.58314603567123413 0.12519988417625427 1)
    (color-rgba 0.0039215688593685627 0 0.0039215688593685627 1)
    (color-rgba 0.90952995867768616 0.48636363636363633 1 1)
    (color-rgba 1 0.44999999999999996 0.44999999999999996 1)
    (color-rgba 0.76704545454545459 0.35911673553719009 0.35911673553719009 1)
    (color-rgba 0.79545454545454541 0.16632231404958678 0.16632231404958678 1)
    (color-rgba 1 0 0.57954545454545414 1)
    (color-rgba 1 0.44999999999999996 0.9937499999999998 1)
    (color-rgba 1 0.44999999999999996 0.93750000000000022 1)
    (color-rgba 0.66874999999999984 0.44999999999999996 1 1)
    (color-rgba 1 0.44999999999999996 0.98437499999999956 1)
    (color-rgba 1 0.44999999999999996 0.58124999999999982 1)
    (color-rgba 0.88636363636363635 0.87830578512396695 0.88022868144252442 1)
    (color-rgba 0.88636363636363635 0.87830578512396695 0.88599737039819682 1)
    (color-rgba 0.58720402019926032 1 0.55970854547117466 1)
    (color-rgba 0.35778990146785788 0.7080338266384778 0.33446088794926004 1)
    (color-rgba 0.63700986991102782 1 0.61283185840707965 1)
    (color-rgba 1 0.97579582430191769 0.61283185840707965 1)
    (color-rgba 1 0.95276727999488497 0.24446902654867253 1)
    (color-rgba 1 0.96910515889623017 0.50580848676028989 1)
    (color-rgba 0.81252835924483879 0.50580848676028989 1 1)
    (color-rgba 0.50580848676028989 0.91003404344443251 1 1)
    (color-rgba 0.50580848676028989 1 0.53680299027495315 1)
    (color-rgba 0.77638727794395945 1 0.79041173023423494 1)
    (color-rgba 0.77724346456571713 0.77638727794395945 1 1)
    (color-rgba 0.0025729351385524839 0 0.67198086887206054 1)
    (color-rgba 0.0038288815318079372 0 1 1)
    (color-rgba 0 1 0.28164353951098109 1)
    (color-rgba 3.9989823393343872e-30 0.64405928410304014 0.82049669402905978 1)
    (color-rgba 0.042036041795012587 0.20154351651663049 0.82437211844886271 1)
    (color-rgba 0.77087241628974035 0.42832357554677081 0.67066196753078355 1)
    (color-rgba 0.99256989181563982 0.5190388172383027 0.61301012195100768 1)
    (color-rgba 0.083627446278360718 0.20654026907029133 0.0054250117129507969 1)
    (color-rgba 0.078645987651101229 0.24618948803959309 0.0063469723420475016 1)
    (color-rgba 0.44452649160895419 0.57868812494260935 0.16341002929989726 1)
    (color-rgba 0.43575293526092995 0.58585795314851874 0.20161725309506773 1)
    (color-rgba 0.26666666666666666 0.29803921568627451 0.56470588235294117 1)
    (color-rgba 0.92549019607843142 0.69019607843137254 0.86274509803921573 1)
    (color-rgba 0.69019607843137254 0.80000000000000004 0.67450980392156867 1)
    (color-rgba 0.72156862745098038 0.75294117647058822 0.61176470588235299 1)
    (color-rgba 0.97254901960784312 0.34509803921568627 0.094117647058823528 1)
    (color-rgba 0.87450981140136719 0.89803922176361084 0.57254904508590698 1)
    (color-rgba 0.59999999999999998 0.8666666666666667 0.5725490196078431 1)
    (color-rgba 0.80000000000000004 0.64313725490196083 0.59999999999999998 1)
    (color-rgba 1 0.6470588235294118 0.37647058823529411 1)
    (color-rgba 0.396078431372549 0.41960784313725491 1 1)
    (color-rgba 1 0.396078431372549 0.51764705882352946 1)
    (color-rgba 0.57647058823529407 0.84705882352941175 0.72549019607843135 1)
    (color-rgba 0.58039215686274515 0.7686274509803922 0.82745098039215681 1)
    (color-rgba 0.58039215686274515 0.60392156862745094 0.80784313725490198 1)
    (color-rgba 0.41960784313725491 1 0.38823529411764707 1)
    (color-rgba 0.70196078431372544 0.58039215686274515 0.80000000000000004 1)
    (color-rgba 0.88627450980392153 0.56862745098039214 0.56862745098039214 1)
    (color-rgba 0.73725490196078436 0.18823529411764706 0.42352941176470588 1)
    (color-rgba 0.18823529411764706 0.51764705882352946 0.36078431372549019 1)
    (color-rgba 0.96078431372549022 0.47450980392156861 0 1)
    (color-rgba 0.45098039215686275 0.82352941176470584 0.086274509803921567 1)
    (color-rgba 0.92941176470588238 0.83137254901960789 0 1)
    (color-rgba 0.1803921568627451 0.20392156862745098 0.21176470588235294 1)
    (color-rgba 0.33333333333333331 0.3411764705882353 0.32549019607843138 1)
    (color-rgba 0.53333333333333333 0.54117647058823526 0.52156862745098043 1)
    (color-rgba 0.72941176470588232 0.74117647058823533 0.71372549019607845 1)
    (color-rgba 0.82745098039215681 0.84313725490196079 0.81176470588235294 1)
    (color-rgba 0.93333333333333335 0.93333333333333335 0.92549019607843142 1)
    (color-rgba 0.36078431372549019 0.20784313725490197 0.40000000000000002 1)
    (color-rgba 0.45882352941176469 0.31372549019607843 0.4823529411764706 1)
    (color-rgba 0.67843137254901964 0.49803921568627452 0.6588235294117647 1)
    (color-rgba 0.12549019607843137 0.29019607843137257 0.52941176470588236 1)
    (color-rgba 0.20392156862745098 0.396078431372549 0.64313725490196083 1)
    (color-rgba 0.44705882352941179 0.62352941176470589 0.81176470588235294 1)
    (color-rgba 0.80784313725490198 0.36078431372549019 0 1)
    (color-rgba 0.9137254901960784 0.72549019607843135 0.43137254901960786 1)
    (color-rgba 0.64313725490196083 0 0 1)
    (color-rgba 0.80000000000000004 0 0 1)
    (color-rgba 0.93725490196078431 0.16078431372549021 0.16078431372549021 1)
    (color-rgba 0.9882352941176471 0.68627450980392157 0.24313725490196078 1)
    (color-rgba 0.30588235294117649 0.60392156862745094 0.023529411764705882 1)
    (color-rgba 0.54117647058823526 0.88627450980392153 0.20392156862745098 1)
    (color-rgba 0.7686274509803922 0.62745098039215685 0 1)
    (color-rgba 0.9882352941176471 0.9137254901960784 0.30980392156862746 1)
    (color-rgba 0.80000000000000004 0.58823529411764708 0.69411764705882351 1)
    (color-rgba 1 0.396078431372549 0.396078431372549 1)
    (color-rgba 1 0.396078431372549 0.95686274509803926 1)
    (color-rgba 0.67843137254901964 0.396078431372549 1 1)
    (color-rgba 0.396078431372549 0.7686274509803922 1 1)
    (color-rgba 0.396078431372549 1 0.80000000000000004 1)
    (color-rgba 0.32941177487373352 0.23529413342475891 0.31764706969261169 1)
    (color-rgba 0 0.48627500000000001 0.42352899999999999 1)
    (color-rgba 1 1 1 1)
    (color-rgba 0.3366336633663366 0.3366336633663366 0.3366336633663366 1)
    (color-rgba 0.54028436018957349 0 0 1)
    (color-rgba 0.050979999999999998 0.023529000000000001 0.71372500000000005 1)
    (color-rgba 0.32549019607843138 0.58823529411764708 0.96862745098039216 1)
    (color-rgba 0.32941176470588235 0.76470588235294112 0.40392156862745099 1)
    (color-rgba 0.16078431904315948 0.15294118225574493 0.15686275064945221 1)
    (color-rgba 0 0.50549450549450547 0 1)
    (color-rgba 0.031372999999999998 0.33333299999999999 0.196078 1)
    (color-rgba 0.20648 0.129297 0.60204100000000005 1)
    (color-rgba 0.26666699999999999 0.19215699999999999 0.22352900000000001 1)
    (color-rgba 0.96078399999999997 0.51372600000000002 0.13333300000000001 1)
    (color-rgba 0.29803921568627451 0.066666666666666666 0.035294117647058823 1)
    (color-rgba 0.47058823529411764 0.047058823529411764 0.2196078431372549 1)
    (color-rgba 0.67450980392156867 0.37647058823529411 0.31372549019607843 1)
    (color-rgba 0.80000000000000004 0.67450980392156867 0.48627450980392156 1)
    (color-rgba 0.031372549019607843 0.031372549019607843 0.18823529411764706 1)
    (color-rgba 0.99215686274509807 0.99215686274509807 0.99215686274509807 1)
    (color-rgba 0.058823529411764705 0.24313725490196078 0.54117647058823526 1)
    (color-rgba 0.97647058823529409 0.53333333333333333 0.070588235294117646 1)
    (color-rgba 0.15801714399627886 0.81188118811881194 0.22923005969279248 1)
    (color-rgba 0.97029702970297027 0.44933218154030169 0.44933218154030169 1)
    (color-rgba 0.56435643564356441 0.24998338760050506 0.24998338760050506 1)
    (color-rgba 0 0 0 0)
    (color-rgba 0.60000002384185791 0.60000002384185791 0.60000002384185791 1)
    (color-rgba 1 0 0 1)
    (color-rgba 0.36084100000000002 0.36084100000000002 0.36084100000000002 1)
    (color-rgba 0.10980392156862745 0.61568627450980395 0.48627450980392156 1)
    (color-rgba 0.98431372549019602 0.48627450980392156 0.027450980392156862 1)
    (color-rgba 0.35182072829131655 0.61568627450980395 0.54818578594228395 1)
    (color-rgba 0.57647058823529407 0.34901960784313724 0.074509803921568626 1)
    (color-rgba 1 1 0.29761904761904778 1)
    (color-rgba 0.91764712333679199 0.91764712333679199 0.9490196704864502 1)
    (color-rgba 0 0 1 1)
    (color-rgba 1 0.93333339691162109 0.90196084976196289 1)
    (color-rgba 0.96078437566757202 0.32549020648002625 0.23137256503105164 1)
    (color-rgba 0.2277227722772277 0.062661970895076094 0.062661970895076094 1)
    (color-rgba 0.9960784912109375 0.89803928136825562 0.85098046064376831 1)
    (color-rgba 0.74901960784313726 0.41176470588235292 0.22745098039215686 1)
    (color-rgba 0.035294117647058823 0.10588235294117647 0.16470588235294117 1)
    (color-rgba 0.9490196704864502 0.9490196704864502 0.9490196704864502 1)
    (color-rgba 0.17647059261798859 0.17647059261798859 0.17647059261798859 1)
    (color-rgba 0.14117647707462311 0.14117647707462311 0.14117647707462311 1)
    (color-rgba 0.6018099547511313 0.6018099547511313 0.6018099547511313 1)
    (color-rgba 0.44796380090497734 0.44796380090497734 0.44796380090497734 1)
    (color-rgba 0.5565610859728507 0.5565610859728507 0.5565610859728507 1)
    (color-rgba 0.33936651583710409 0.33936651583710409 0.33936651583710409 1)
    (color-rgba 0.14027149321266963 0.14027149321266963 0.14027149321266963 1)
    (color-rgba 0.20814479638009054 0.20814479638009054 0.20814479638009054 1)
    (color-rgba 0.87330316742081449 0.87330316742081449 0.87330316742081449 1)
    (color-rgba 0.90099009900990101 0.24792345006312716 0.24792345006312716 1)
    (color-rgba 0.80784314870834351 0.86666667461395264 0.89803922176361084 1)
    (color-rgba 1 1 0.69803923368453979 1)
    (color-rgba 0.20000000000000001 0.20000000000000001 0.20000000000000001 1)
    (color-rgba 0.40000000000000002 0.40000000000000002 0.40000000000000002 1)
    (color-rgba 0.80099956749483392 0 0 1)
    (color-rgba 0.80000000000000004 0.80000000000000004 0.80000000000000004 1)
    (color-rgba 0.058823529411764705 0.80000000000000004 0 1)
    (color-rgba 0.086274509803921567 0 0.59999999999999998 1)
    (color-rgba 0.40000000000000002 0.40000000000000002 0 1)
    (color-rgba 0.20000000000000001 0 0 1)
    (color-rgba 0.14901961386203766 0.16470588743686676 0.18823531270027161 1)
    (color-rgba 0.45027918106886466 1 0.50478655026332819 1)
    (color-rgba 0.38037135278514589 1 0.44181040743633437 1)
    (color-rgba 0.38037135278514589 1 0.55659187836284496 1)
    (color-rgba 0.38037135278514589 1 0.46359797838398464 1)
    (color-rgba 0.57056204305681257 1 0.38037135278514589 1)
    (color-rgba 0.47399343665862848 1 0.38037135278514589 1)
    (color-rgba 0.38037135278514589 1 0.38037135278514589 1)
    (color-rgba 0.14933687002652518 1 0.14933687002652518 1)
    (color-rgba 0.46697612732095495 1 0.46697612732095495 1)
    (color-rgba 0.71153846153846156 1 0.71153846153846156 1)
    (color-rgba 0 0.1951219512195122 0 1)
    (color-rgba 0 0.5934959349593496 0 1)
    (color-rgba 0.20766196429765327 0.20766196429765327 0.20766196429765327 1)
    (color-rgba 0.23584905660377356 0.45221659763767447 0.23584905660377356 1)
    (color-rgba 0 1 0 1)
    (color-rgba 1 1 0 1)
    (color-rgba 1 0 1 1)
    (color-rgba 0.73333334922790527 0.7568628191947937 0.74901962280273438 1)
    (color-rgba 0.53846153846153844 0 1 1)
    (color-rgba 0.58823531866073608 1 1 1)
    (color-rgba 0 0.65934065934065922 0 1)
    (color-rgba 0 0.34065934065934067 0 1)
    (color-rgba 0 1 1 1)
    (color-rgba 0.85544116084537813 1 0.8523489932885906 1)
    (color-rgba 0.26666668057441711 1 0.25098040699958801 1)
    (color-rgba 0.26666668057441711 0.24313727021217346 0.25098040699958801 1)
    (color-rgba 1 0.75824175824175821 0 1)
    (color-rgba 0.36979166666666663 0 0 1)
    (color-rgba 0.70588237047195435 0.70588237047195435 0.70588237047195435 1)
    (color-rgba 0.88627457618713379 0.83921575546264648 0.85490202903747559 1)
    (color-rgba 0.64583333333333326 0.62565104166666674 0 1)
    (color-rgba 0.86458333333333337 0.83756510416666685 0 1)
    (color-rgba 0.45833333333333337 0 0 1)
    (color-rgba 0.65625 0 0 1)
    (color-rgba 0.67843139171600342 0.64313727617263794 0.60000002384185791 1)
    (color-rgba 0.47916666666666663 0.15114653243847873 0.15114653243847873 1)
    (color-rgba 0.23529413342475891 0.14901961386203766 0.015686275437474251 1)
    (color-rgba 0.4901961088180542 0.31764706969261169 0.035294119268655777 1)
    (color-rgba 0.16470588743686676 0.070588238537311554 0.011764707043766975 1)
    (color-rgba 0.78039222955703735 0.44705885648727417 0.050980396568775177 1)
    (color-rgba 0.95686280727386475 0.88627457618713379 0.49411767721176147 1)
    (color-rgba 0.94509810209274292 0.69803923368453979 0.11764706671237946 1)
    (color-rgba 0.11448229104280472 0.11448311060667038 0.11531902104616165 1)
    (color-rgba 0.59060686826705933 0.59060710668563843 0.59169954061508179 1)
    (color-rgba 0.12598800659179688 0.12598872184753418 0.12683576345443726 1)
    (color-rgba 0.2104015052318573 0.21040210127830505 0.21131646633148193 1)
    (color-rgba 0.81405812501907349 0.81405812501907349 0.13043478260869565 1)
    (color-rgba 0.81405812501907349 0.81405812501907349 0.81405812501907349 1)
    (color-rgba 0.6395719051361084 0.6395719051361084 0.6395719051361084 1)
    (color-rgba 0.33751153945922852 0.33751153945922852 0.33751153945922852 1)
    (color-rgba 0.066758237779140472 0.066758237779140472 0.066758237779140472 1)
    (color-rgba 0.81366459627329191 0.81366459627329191 0.81366459627329191 1)
    (color-rgba 0.6645962732919255 0.6645962732919255 0.6645962732919255 1)
    (color-rgba 0.42236024844720499 0.42236024844720499 0.42236024844720499 1)
    (color-rgba 0.18633540372670807 0.18633540372670807 0.18633540372670807 1)
    (color-rgba 0.88198757763975155 0.88198757763975155 0.88198757763975155 1)
    (color-rgba 0.95652173913043481 0.95652173913043481 0.95652173913043481 1)
    (color-rgba 0.69565217391304346 0.69565217391304346 0.69565217391304346 1)
    (color-rgba 0.44099378881987578 0.44099378881987578 0.44099378881987578 1)
    (color-rgba 0.16149068322981366 0.16149068322981366 0.16149068322981366 1)
    (color-rgba 0.8726487819919827 0.24144310823311749 0.24144310823311749 1)
    (color-rgba 0.70186335403726707 0.70186335403726707 0.70186335403726707 1)
    (color-rgba 0.39130434782608697 0.39130434782608697 0.39130434782608697 1)
    (color-rgba 0.75776397515527949 0.75776397515527949 0.75776397515527949 1)
    (color-rgba 0.76470589637756348 0.66274511814117432 0.58823531866073608 1)
    (color-rgba 0.66666666666666674 0.66666666666666674 0.66666666666666674 1)
    (color-rgba 0.24634250998497009 0.24634250998497009 0.24634250998497009 1)
    (color-rgba 0.37503716349601746 0.37503716349601746 0.37503716349601746 1)
    (color-rgba 0.5120275616645813 0.5120275616645813 0.5120275616645813 1)
    (color-rgba 0.65095645189285278 0.65095645189285278 0.65095645189285278 1)
    (color-rgba 0.83258801698684692 0.83258837461471558 0.83258801698684692 1)
    (color-rgba 0.76416140794754028 0.76416140794754028 0.76416140794754028 1)
    (color-rgba 0.5363839864730835 0.5363839864730835 0.5363839864730835 1)
    (color-rgba 0.85919451713562012 0.85919451713562012 0.85919451713562012 1)
    (color-rgba 0.72777849435806274 0.72777849435806274 0.72777849435806274 1)
    (color-rgba 0.27655604481697083 0.27655613422393799 0.27655604481697083 1)
    (color-rgba 0.40784317255020142 0.40784317255020142 0.40784317255020142 1)
    (color-rgba 0.63137257099151611 0.63137257099151611 0.63137257099151611 1)
    (color-rgba 0.40740117430686951 0.40740180015563965 0.40740117430686951 1)
    (color-rgba 0.63074296712875366 0.63074296712875366 0.63074296712875366 1)
    (color-rgba 0.8061404824256897 0.8061404824256897 0.8061404824256897 1)
    (color-rgba 0.91827303171157837 0.91827303171157837 0.91827303171157837 1)
    (color-rgba 0.79227053140096615 1 1 1)
    (color-rgba 0.45833333333333337 0.45833333333333337 0.45833333333333337 1))

# end of colorrc
