# GIMP devicerc

(GimpDeviceInfo "Core Pointer"
    (icon-name "gimp-cursor")
    (name "Core Pointer")
    (tool-options "GimpBucketFillOptions"
        (tool "gimp-bucket-fill-tool")
        (foreground (color-rgb 0.19543973941368076 0.19543973941368076 0.19543973941368076))
        (background (color-rgb 0 0 0))
        (pattern "Stripes")
        (brush-size 51)
        (brush-hardness 0.5)
        (fill-area selection)
        (sample-merged yes))
    (use-fg-bg yes)
    (use-opacity-paint-mode no)
    (use-brush no)
    (use-dynamics no)
    (use-mypaint-brush no)
    (use-gradient no)
    (use-pattern yes)
    (use-palette no)
    (use-font no)
    (mode screen)
    (axes 2 x y)
    (keys 0)
    (pressure-curve
        (curve-type smooth)
        (points 6 0 0 0.5078125 0.50390625 1 1)
        (point-types 3 smooth smooth smooth)
        (n-samples 256)
        (samples 256 0 0.0038763206581689073 0.0077526467133150626 0.01162898356241571 0.015505336602448096 0.019381711230389474 0.023258112843217087 0.027134546837908176 0.031011018611439994 0.034887533560789788 0.038764097082934809 0.042640714574852287 0.046517391433519475 0.050394133055913649 0.054270944839012007 0.058147832179791831 0.06202480047523036 0.065901855122304814 0.069779001517992489 0.073656245059270611 0.077533591143116407 0.081411045166507157 0.085288612526420074 0.089166298619832426 0.09304410884372144 0.096922048595064411 0.10080012327083854 0.10467833826802105 0.10855669898358927 0.11243521081452036 0.11631387915779162 0.12019270941038032 0.12407170696926362 0.12795087723141885 0.13183022559382321 0.13570975745345398 0.1395894782072884 0.14346939325230368 0.14734950798547711 0.15122982780378585 0.15511035810420729 0.15899110428371863 0.16287207173929702 0.16675326586791975 0.17063469206656418 0.17451635573220742 0.17839826226182681 0.1822804170523995 0.1861628255009028 0.19004549300431392 0.19392842495961021 0.19781162676376879 0.20169510381376698 0.205578861506582 0.20946290523919103 0.21334724040857145 0.21723187241170053 0.2211168066455553 0.22500204850711319 0.22888760339335135 0.23277347670124712 0.23665967382777769 0.24054620016992034 0.24443306112465224 0.24832026208895067 0.25220780845979296 0.25609570563415629 0.25998395900901788 0.26387257398135505 0.26776155594814499 0.2716509103063649 0.27554064245299209 0.27943075778500392 0.28332126169937744 0.28721215959308999 0.29110345686311873 0.29499515890644107 0.29888727112003416 0.3027797989008752 0.30667274764594155 0.31056612275221041 0.31445992961665892 0.3183541736362645 0.32224886020800425 0.32614399472885564 0.33003958259579563 0.33393562920580155 0.33783213995585082 0.34172912024292057 0.34562657546398795 0.34952451101603027 0.35342293229602484 0.35732184470094897 0.36122125362777974 0.36512116447349441 0.36902158263507034 0.37292251350948469 0.37682396249371475 0.38072593498473772 0.38462843637953087 0.38853147207507155 0.3924350474683368 0.39633916795630408 0.4002438389359505 0.4041490658042533 0.40805485395818974 0.41196120879473719 0.41586813571087272 0.41977564010357371 0.4236837273698173 0.42759240290658085 0.43150167211084151 0.43541154037957658 0.43932201310976338 0.44323309569837888 0.44714479354240061 0.45105711203880583 0.45497005658457157 0.45888363257667519 0.4627978454120939 0.46671270048780511 0.4706282032007858 0.47454435894801339 0.47846117312646513 0.48237865113311817 0.48629679836494988 0.49021562021893744 0.49413512209205801 0.49805530938128906 0.50390625 0.50782818961113196 0.51175086723798247 0.51567427695308632 0.51959841282897834 0.52352326893819356 0.5274488393532667 0.53137511814673277 0.53530209939112638 0.53922977715898246 0.54315814552283603 0.54708719855522181 0.5510169303286746 0.55494733491572956 0.55887840638892106 0.56281013882078446 0.56674252628385424 0.57067556285066545 0.57460924259375312 0.57854355958565151 0.58247850789889621 0.5864140816060216 0.59035027477956281 0.59428708149205423 0.59822449581603132 0.60216251182402858 0.6061011235885807 0.61004032518222306 0.61398011067749025 0.61792047414691731 0.62186140966303838 0.62580291129838939 0.62974497312550426 0.63368758921691848 0.63763075364516664 0.64157446048278366 0.64551870380230414 0.64946347767626333 0.65340877617719595 0.6573545933776368 0.66130092335012081 0.66524776016718268 0.66919509790135745 0.67314293062517983 0.67709125241118495 0.6810400573319072 0.68498933945988205 0.68893909286764377 0.6928893116277276 0.69683998981266826 0.70079112149500056 0.70474270074725953 0.70869472164197977 0.71264717825169643 0.7166000646489441 0.72055337490625793 0.72450710309617228 0.72846124329122264 0.73241578956394338 0.73637073598686975 0.74032607663253613 0.74428180557347778 0.74823791688222929 0.75219440463132581 0.75615126289330203 0.76010848574069267 0.76406606724603288 0.76802400148185734 0.771982282520701 0.77594090443509844 0.77989986129758493 0.78385914718069505 0.78781875615696362 0.79177868229892601 0.79573891967911647 0.79969946237006984 0.80366030444432157 0.80762143997440594 0.81158286303285809 0.81554456769221284 0.81950654802500489 0.82346879810376961 0.82743131200104103 0.83139408378935453 0.83535710754124515 0.83932037732924725 0.84328388722589609 0.84724763130372627 0.8512116036352726 0.85517579829307033 0.85914020934965407 0.86310483087755863 0.86706965694931881 0.87103468163746967 0.874999899014546 0.87896530315308263 0.88293088812561427 0.88689664800467616 0.89086257686280268 0.89482866877252909 0.89879491780638998 0.90276131803692039 0.90672786353665513 0.91069454837812902 0.91466136663387676 0.91862831237643361 0.92259537967833416 0.92656256261211323 0.93052985525030585 0.93449725166544662 0.93846474593007057 0.94243233211671273 0.9464000042979076 0.95036775654619032 0.95433558293409548 0.95830347753415834 0.96227143441891316 0.96623944766089553 0.97020751133263983 0.97417561950668086 0.97814376625555377 0.98211194565179327 0.98608015176793429 0.99004837867651141 0.9940166204500599 0.99798487116111434 1)))
(GimpDeviceInfo "ELAN0501:01 04F3:3060 Mouse"
    (icon-name "gimp-cursor")
    (name "ELAN0501:01 04F3:3060 Mouse")
    (tool-options "GimpColorPickerOptions"
        (tool "gimp-color-picker-tool")
        (foreground (color-rgb 0 0.070588238537311554 0.12156863510608673))
        (background (color-rgb 0 0 0)))
    (use-fg-bg yes)
    (use-opacity-paint-mode no)
    (use-brush no)
    (use-dynamics no)
    (use-mypaint-brush no)
    (use-gradient no)
    (use-pattern no)
    (use-palette no)
    (use-font no)
    (mode disabled)
    (axes 4 x y pressure xtilt)
    (keys 0)
    (pressure-curve
        (curve-type smooth)
        (points 0)
        (point-types 0)
        (n-samples 256)
        (samples 256 0 0.0039215686274509803 0.0078431372549019607 0.011764705882352941 0.015686274509803921 0.019607843137254902 0.023529411764705882 0.027450980392156862 0.031372549019607843 0.035294117647058823 0.039215686274509803 0.043137254901960784 0.047058823529411764 0.050980392156862744 0.054901960784313725 0.058823529411764705 0.062745098039215685 0.066666666666666666 0.070588235294117646 0.074509803921568626 0.078431372549019607 0.082352941176470587 0.086274509803921567 0.090196078431372548 0.094117647058823528 0.098039215686274508 0.10196078431372549 0.10588235294117647 0.10980392156862745 0.11372549019607843 0.11764705882352941 0.12156862745098039 0.12549019607843137 0.12941176470588237 0.13333333333333333 0.13725490196078433 0.14117647058823529 0.14509803921568629 0.14901960784313725 0.15294117647058825 0.15686274509803921 0.16078431372549021 0.16470588235294117 0.16862745098039217 0.17254901960784313 0.17647058823529413 0.1803921568627451 0.18431372549019609 0.18823529411764706 0.19215686274509805 0.19607843137254902 0.20000000000000001 0.20392156862745098 0.20784313725490197 0.21176470588235294 0.21568627450980393 0.2196078431372549 0.22352941176470589 0.22745098039215686 0.23137254901960785 0.23529411764705882 0.23921568627450981 0.24313725490196078 0.24705882352941178 0.25098039215686274 0.25490196078431371 0.25882352941176473 0.2627450980392157 0.26666666666666666 0.27058823529411763 0.27450980392156865 0.27843137254901962 0.28235294117647058 0.28627450980392155 0.29019607843137257 0.29411764705882354 0.29803921568627451 0.30196078431372547 0.30588235294117649 0.30980392156862746 0.31372549019607843 0.31764705882352939 0.32156862745098042 0.32549019607843138 0.32941176470588235 0.33333333333333331 0.33725490196078434 0.3411764705882353 0.34509803921568627 0.34901960784313724 0.35294117647058826 0.35686274509803922 0.36078431372549019 0.36470588235294116 0.36862745098039218 0.37254901960784315 0.37647058823529411 0.38039215686274508 0.3843137254901961 0.38823529411764707 0.39215686274509803 0.396078431372549 0.40000000000000002 0.40392156862745099 0.40784313725490196 0.41176470588235292 0.41568627450980394 0.41960784313725491 0.42352941176470588 0.42745098039215684 0.43137254901960786 0.43529411764705883 0.4392156862745098 0.44313725490196076 0.44705882352941179 0.45098039215686275 0.45490196078431372 0.45882352941176469 0.46274509803921571 0.46666666666666667 0.47058823529411764 0.47450980392156861 0.47843137254901963 0.4823529411764706 0.48627450980392156 0.49019607843137253 0.49411764705882355 0.49803921568627452 0.50196078431372548 0.50588235294117645 0.50980392156862742 0.51372549019607838 0.51764705882352946 0.52156862745098043 0.52549019607843139 0.52941176470588236 0.53333333333333333 0.53725490196078429 0.54117647058823526 0.54509803921568623 0.5490196078431373 0.55294117647058827 0.55686274509803924 0.5607843137254902 0.56470588235294117 0.56862745098039214 0.5725490196078431 0.57647058823529407 0.58039215686274515 0.58431372549019611 0.58823529411764708 0.59215686274509804 0.59607843137254901 0.59999999999999998 0.60392156862745094 0.60784313725490191 0.61176470588235299 0.61568627450980395 0.61960784313725492 0.62352941176470589 0.62745098039215685 0.63137254901960782 0.63529411764705879 0.63921568627450975 0.64313725490196083 0.6470588235294118 0.65098039215686276 0.65490196078431373 0.6588235294117647 0.66274509803921566 0.66666666666666663 0.6705882352941176 0.67450980392156867 0.67843137254901964 0.68235294117647061 0.68627450980392157 0.69019607843137254 0.69411764705882351 0.69803921568627447 0.70196078431372544 0.70588235294117652 0.70980392156862748 0.71372549019607845 0.71764705882352942 0.72156862745098038 0.72549019607843135 0.72941176470588232 0.73333333333333328 0.73725490196078436 0.74117647058823533 0.74509803921568629 0.74901960784313726 0.75294117647058822 0.75686274509803919 0.76078431372549016 0.76470588235294112 0.7686274509803922 0.77254901960784317 0.77647058823529413 0.7803921568627451 0.78431372549019607 0.78823529411764703 0.792156862745098 0.79607843137254897 0.80000000000000004 0.80392156862745101 0.80784313725490198 0.81176470588235294 0.81568627450980391 0.81960784313725488 0.82352941176470584 0.82745098039215681 0.83137254901960789 0.83529411764705885 0.83921568627450982 0.84313725490196079 0.84705882352941175 0.85098039215686272 0.85490196078431369 0.85882352941176465 0.86274509803921573 0.8666666666666667 0.87058823529411766 0.87450980392156863 0.8784313725490196 0.88235294117647056 0.88627450980392153 0.8901960784313725 0.89411764705882357 0.89803921568627454 0.90196078431372551 0.90588235294117647 0.90980392156862744 0.9137254901960784 0.91764705882352937 0.92156862745098034 0.92549019607843142 0.92941176470588238 0.93333333333333335 0.93725490196078431 0.94117647058823528 0.94509803921568625 0.94901960784313721 0.95294117647058818 0.95686274509803926 0.96078431372549022 0.96470588235294119 0.96862745098039216 0.97254901960784312 0.97647058823529409 0.98039215686274506 0.98431372549019602 0.9882352941176471 0.99215686274509807 0.99607843137254903 1)))
(GimpDeviceInfo "ELAN0501:01 04F3:3060 Touchpad"
    (icon-name "gimp-cursor")
    (name "ELAN0501:01 04F3:3060 Touchpad")
    (tool-options "GimpFilterOptions"
        (tool "gimp-gegl-tool"))
    (use-fg-bg no)
    (use-opacity-paint-mode no)
    (use-brush no)
    (use-dynamics no)
    (use-mypaint-brush no)
    (use-gradient no)
    (use-pattern no)
    (use-palette no)
    (use-font no)
    (mode disabled)
    (axes 4 x y pressure xtilt)
    (keys 0)
    (pressure-curve
        (curve-type smooth)
        (points 4 0 0 1 1)
        (point-types 2 smooth smooth)
        (n-samples 256)
        (samples 256 0 0.0039220000000000001 0.0078429999999999993 0.011764999999999999 0.015685999999999999 0.019608 0.023529000000000001 0.027451 0.031372999999999998 0.035293999999999999 0.039216000000000001 0.043137000000000002 0.047058999999999997 0.050979999999999998 0.054901999999999999 0.058824000000000001 0.062744999999999995 0.066667000000000004 0.070587999999999998 0.074510000000000007 0.078431000000000001 0.082352999999999996 0.086275000000000004 0.090195999999999998 0.094117999999999993 0.098039000000000001 0.101961 0.105882 0.109804 0.11372500000000001 0.117647 0.121569 0.12548999999999999 0.129412 0.13333300000000001 0.13725499999999999 0.141176 0.145098 0.14902000000000001 0.15294099999999999 0.156863 0.16078400000000001 0.16470599999999999 0.168627 0.17254900000000001 0.17647099999999999 0.180392 0.18431400000000001 0.18823500000000001 0.19215699999999999 0.196078 0.20000000000000001 0.20392199999999999 0.207843 0.21176500000000001 0.21568599999999999 0.219608 0.22352900000000001 0.22745099999999999 0.231373 0.235294 0.23921600000000001 0.24313699999999999 0.247059 0.25097999999999998 0.25490200000000002 0.258824 0.26274500000000001 0.26666699999999999 0.270588 0.27450999999999998 0.27843099999999998 0.28235300000000002 0.286275 0.29019600000000001 0.29411799999999999 0.298039 0.30196099999999998 0.30588199999999999 0.30980400000000002 0.31372499999999998 0.31764700000000001 0.32156899999999999 0.32549 0.32941199999999998 0.33333299999999999 0.33725500000000003 0.34117599999999998 0.34509800000000002 0.34902 0.352941 0.35686299999999999 0.36078399999999999 0.36470599999999997 0.36862699999999998 0.37254900000000002 0.376471 0.38039200000000001 0.38431399999999999 0.388235 0.39215699999999998 0.39607799999999999 0.40000000000000002 0.403922 0.40784300000000001 0.41176499999999999 0.415686 0.41960799999999998 0.42352899999999999 0.42745100000000003 0.43137300000000001 0.43529400000000001 0.439216 0.443137 0.44705899999999998 0.45097999999999999 0.45490199999999997 0.45882400000000001 0.46274500000000002 0.466667 0.47058800000000001 0.47450999999999999 0.478431 0.48235299999999998 0.48627500000000001 0.49019600000000002 0.494118 0.49803900000000001 0.50196099999999999 0.50588200000000005 0.50980400000000003 0.51372499999999999 0.51764699999999997 0.52156899999999995 0.52549000000000001 0.52941199999999999 0.53333299999999995 0.53725500000000004 0.54117599999999999 0.54509799999999997 0.54901999999999995 0.55294100000000002 0.556863 0.56078399999999995 0.56470600000000004 0.56862699999999999 0.57254899999999997 0.57647099999999996 0.58039200000000002 0.584314 0.58823499999999995 0.59215700000000004 0.596078 0.59999999999999998 0.60392199999999996 0.60784300000000002 0.611765 0.61568599999999996 0.61960800000000005 0.623529 0.62745099999999998 0.63137299999999996 0.63529400000000003 0.63921600000000001 0.64313699999999996 0.64705900000000005 0.65098 0.65490199999999998 0.65882399999999997 0.66274500000000003 0.66666700000000001 0.67058799999999996 0.67451000000000005 0.67843100000000001 0.68235299999999999 0.68627499999999997 0.69019600000000003 0.69411800000000001 0.69803899999999997 0.70196099999999995 0.70588200000000001 0.70980399999999999 0.71372500000000005 0.71764700000000003 0.72156900000000002 0.72548999999999997 0.72941199999999995 0.73333300000000001 0.73725499999999999 0.74117599999999995 0.74509800000000004 0.74902000000000002 0.75294099999999997 0.75686299999999995 0.76078400000000002 0.764706 0.76862699999999995 0.77254900000000004 0.77647100000000002 0.78039199999999997 0.78431399999999996 0.78823500000000002 0.792157 0.79607799999999995 0.80000000000000004 0.80392200000000003 0.80784299999999998 0.81176499999999996 0.81568600000000002 0.819608 0.82352899999999996 0.82745100000000005 0.83137300000000003 0.83529399999999998 0.83921599999999996 0.84313700000000003 0.84705900000000001 0.85097999999999996 0.85490200000000005 0.85882400000000003 0.86274499999999998 0.86666699999999997 0.87058800000000003 0.87451000000000001 0.87843099999999996 0.88235300000000005 0.88627500000000003 0.89019599999999999 0.89411799999999997 0.89803900000000003 0.90196100000000001 0.90588199999999997 0.90980399999999995 0.91372500000000001 0.91764699999999999 0.92156899999999997 0.92549000000000003 0.92941200000000002 0.93333299999999997 0.93725499999999995 0.94117600000000001 0.94509799999999999 0.94901999999999997 0.95294100000000004 0.95686300000000002 0.96078399999999997 0.96470599999999995 0.96862700000000002 0.972549 0.97647099999999998 0.98039200000000004 0.98431400000000002 0.98823499999999997 0.99215699999999996 0.99607800000000002 1)))
(GimpDeviceInfo "SONiX USB DEVICE Consumer Control"
    (name "SONiX USB DEVICE Consumer Control")
    (tool-options "GimpPencilOptions"
        (tool "gimp-pencil-tool")
        (brush "2. Hardness 100")
        (dynamics "Dynamics Off")
        (gradient "Aneurism")
        (palette "los_sar")
        (brush-size 1)
        (brush-force 0.73299999999999998)
        (jitter-amount 0)
        (gradient-reverse yes)
        (brush-view-type list))
    (use-fg-bg yes)
    (use-opacity-paint-mode no)
    (use-brush yes)
    (use-dynamics yes)
    (use-mypaint-brush no)
    (use-gradient yes)
    (use-pattern no)
    (use-palette yes)
    (use-font no)
    (mode disabled)
    (axes 4 x y pressure xtilt)
    (keys 0)
    (pressure-curve
        (curve-type smooth)
        (points 0)
        (point-types 0)
        (n-samples 256)
        (samples 256 0 0.0039215686274509803 0.0078431372549019607 0.011764705882352941 0.015686274509803921 0.019607843137254902 0.023529411764705882 0.027450980392156862 0.031372549019607843 0.035294117647058823 0.039215686274509803 0.043137254901960784 0.047058823529411764 0.050980392156862744 0.054901960784313725 0.058823529411764705 0.062745098039215685 0.066666666666666666 0.070588235294117646 0.074509803921568626 0.078431372549019607 0.082352941176470587 0.086274509803921567 0.090196078431372548 0.094117647058823528 0.098039215686274508 0.10196078431372549 0.10588235294117647 0.10980392156862745 0.11372549019607843 0.11764705882352941 0.12156862745098039 0.12549019607843137 0.12941176470588237 0.13333333333333333 0.13725490196078433 0.14117647058823529 0.14509803921568629 0.14901960784313725 0.15294117647058825 0.15686274509803921 0.16078431372549021 0.16470588235294117 0.16862745098039217 0.17254901960784313 0.17647058823529413 0.1803921568627451 0.18431372549019609 0.18823529411764706 0.19215686274509805 0.19607843137254902 0.20000000000000001 0.20392156862745098 0.20784313725490197 0.21176470588235294 0.21568627450980393 0.2196078431372549 0.22352941176470589 0.22745098039215686 0.23137254901960785 0.23529411764705882 0.23921568627450981 0.24313725490196078 0.24705882352941178 0.25098039215686274 0.25490196078431371 0.25882352941176473 0.2627450980392157 0.26666666666666666 0.27058823529411763 0.27450980392156865 0.27843137254901962 0.28235294117647058 0.28627450980392155 0.29019607843137257 0.29411764705882354 0.29803921568627451 0.30196078431372547 0.30588235294117649 0.30980392156862746 0.31372549019607843 0.31764705882352939 0.32156862745098042 0.32549019607843138 0.32941176470588235 0.33333333333333331 0.33725490196078434 0.3411764705882353 0.34509803921568627 0.34901960784313724 0.35294117647058826 0.35686274509803922 0.36078431372549019 0.36470588235294116 0.36862745098039218 0.37254901960784315 0.37647058823529411 0.38039215686274508 0.3843137254901961 0.38823529411764707 0.39215686274509803 0.396078431372549 0.40000000000000002 0.40392156862745099 0.40784313725490196 0.41176470588235292 0.41568627450980394 0.41960784313725491 0.42352941176470588 0.42745098039215684 0.43137254901960786 0.43529411764705883 0.4392156862745098 0.44313725490196076 0.44705882352941179 0.45098039215686275 0.45490196078431372 0.45882352941176469 0.46274509803921571 0.46666666666666667 0.47058823529411764 0.47450980392156861 0.47843137254901963 0.4823529411764706 0.48627450980392156 0.49019607843137253 0.49411764705882355 0.49803921568627452 0.50196078431372548 0.50588235294117645 0.50980392156862742 0.51372549019607838 0.51764705882352946 0.52156862745098043 0.52549019607843139 0.52941176470588236 0.53333333333333333 0.53725490196078429 0.54117647058823526 0.54509803921568623 0.5490196078431373 0.55294117647058827 0.55686274509803924 0.5607843137254902 0.56470588235294117 0.56862745098039214 0.5725490196078431 0.57647058823529407 0.58039215686274515 0.58431372549019611 0.58823529411764708 0.59215686274509804 0.59607843137254901 0.59999999999999998 0.60392156862745094 0.60784313725490191 0.61176470588235299 0.61568627450980395 0.61960784313725492 0.62352941176470589 0.62745098039215685 0.63137254901960782 0.63529411764705879 0.63921568627450975 0.64313725490196083 0.6470588235294118 0.65098039215686276 0.65490196078431373 0.6588235294117647 0.66274509803921566 0.66666666666666663 0.6705882352941176 0.67450980392156867 0.67843137254901964 0.68235294117647061 0.68627450980392157 0.69019607843137254 0.69411764705882351 0.69803921568627447 0.70196078431372544 0.70588235294117652 0.70980392156862748 0.71372549019607845 0.71764705882352942 0.72156862745098038 0.72549019607843135 0.72941176470588232 0.73333333333333328 0.73725490196078436 0.74117647058823533 0.74509803921568629 0.74901960784313726 0.75294117647058822 0.75686274509803919 0.76078431372549016 0.76470588235294112 0.7686274509803922 0.77254901960784317 0.77647058823529413 0.7803921568627451 0.78431372549019607 0.78823529411764703 0.792156862745098 0.79607843137254897 0.80000000000000004 0.80392156862745101 0.80784313725490198 0.81176470588235294 0.81568627450980391 0.81960784313725488 0.82352941176470584 0.82745098039215681 0.83137254901960789 0.83529411764705885 0.83921568627450982 0.84313725490196079 0.84705882352941175 0.85098039215686272 0.85490196078431369 0.85882352941176465 0.86274509803921573 0.8666666666666667 0.87058823529411766 0.87450980392156863 0.8784313725490196 0.88235294117647056 0.88627450980392153 0.8901960784313725 0.89411764705882357 0.89803921568627454 0.90196078431372551 0.90588235294117647 0.90980392156862744 0.9137254901960784 0.91764705882352937 0.92156862745098034 0.92549019607843142 0.92941176470588238 0.93333333333333335 0.93725490196078431 0.94117647058823528 0.94509803921568625 0.94901960784313721 0.95294117647058818 0.95686274509803926 0.96078431372549022 0.96470588235294119 0.96862745098039216 0.97254901960784312 0.97647058823529409 0.98039215686274506 0.98431372549019602 0.9882352941176471 0.99215686274509807 0.99607843137254903 1)))
(GimpDeviceInfo "SONiX USB DEVICE Mouse"
    (icon-name "gimp-cursor")
    (name "SONiX USB DEVICE Mouse")
    (tool-options "GimpPencilOptions"
        (tool "gimp-pencil-tool")
        (brush "2. Hardness 100")
        (dynamics "Dynamics Off")
        (gradient "Aneurism")
        (palette "los_sar")
        (brush-size 1)
        (brush-force 0.73299999999999998)
        (jitter-amount 0)
        (gradient-reverse yes)
        (brush-view-type list))
    (use-fg-bg yes)
    (use-opacity-paint-mode no)
    (use-brush yes)
    (use-dynamics yes)
    (use-mypaint-brush no)
    (use-gradient yes)
    (use-pattern no)
    (use-palette yes)
    (use-font no)
    (mode disabled)
    (axes 4 x y pressure xtilt)
    (keys 0)
    (pressure-curve
        (curve-type smooth)
        (points 0)
        (point-types 0)
        (n-samples 256)
        (samples 256 0 0.0039215686274509803 0.0078431372549019607 0.011764705882352941 0.015686274509803921 0.019607843137254902 0.023529411764705882 0.027450980392156862 0.031372549019607843 0.035294117647058823 0.039215686274509803 0.043137254901960784 0.047058823529411764 0.050980392156862744 0.054901960784313725 0.058823529411764705 0.062745098039215685 0.066666666666666666 0.070588235294117646 0.074509803921568626 0.078431372549019607 0.082352941176470587 0.086274509803921567 0.090196078431372548 0.094117647058823528 0.098039215686274508 0.10196078431372549 0.10588235294117647 0.10980392156862745 0.11372549019607843 0.11764705882352941 0.12156862745098039 0.12549019607843137 0.12941176470588237 0.13333333333333333 0.13725490196078433 0.14117647058823529 0.14509803921568629 0.14901960784313725 0.15294117647058825 0.15686274509803921 0.16078431372549021 0.16470588235294117 0.16862745098039217 0.17254901960784313 0.17647058823529413 0.1803921568627451 0.18431372549019609 0.18823529411764706 0.19215686274509805 0.19607843137254902 0.20000000000000001 0.20392156862745098 0.20784313725490197 0.21176470588235294 0.21568627450980393 0.2196078431372549 0.22352941176470589 0.22745098039215686 0.23137254901960785 0.23529411764705882 0.23921568627450981 0.24313725490196078 0.24705882352941178 0.25098039215686274 0.25490196078431371 0.25882352941176473 0.2627450980392157 0.26666666666666666 0.27058823529411763 0.27450980392156865 0.27843137254901962 0.28235294117647058 0.28627450980392155 0.29019607843137257 0.29411764705882354 0.29803921568627451 0.30196078431372547 0.30588235294117649 0.30980392156862746 0.31372549019607843 0.31764705882352939 0.32156862745098042 0.32549019607843138 0.32941176470588235 0.33333333333333331 0.33725490196078434 0.3411764705882353 0.34509803921568627 0.34901960784313724 0.35294117647058826 0.35686274509803922 0.36078431372549019 0.36470588235294116 0.36862745098039218 0.37254901960784315 0.37647058823529411 0.38039215686274508 0.3843137254901961 0.38823529411764707 0.39215686274509803 0.396078431372549 0.40000000000000002 0.40392156862745099 0.40784313725490196 0.41176470588235292 0.41568627450980394 0.41960784313725491 0.42352941176470588 0.42745098039215684 0.43137254901960786 0.43529411764705883 0.4392156862745098 0.44313725490196076 0.44705882352941179 0.45098039215686275 0.45490196078431372 0.45882352941176469 0.46274509803921571 0.46666666666666667 0.47058823529411764 0.47450980392156861 0.47843137254901963 0.4823529411764706 0.48627450980392156 0.49019607843137253 0.49411764705882355 0.49803921568627452 0.50196078431372548 0.50588235294117645 0.50980392156862742 0.51372549019607838 0.51764705882352946 0.52156862745098043 0.52549019607843139 0.52941176470588236 0.53333333333333333 0.53725490196078429 0.54117647058823526 0.54509803921568623 0.5490196078431373 0.55294117647058827 0.55686274509803924 0.5607843137254902 0.56470588235294117 0.56862745098039214 0.5725490196078431 0.57647058823529407 0.58039215686274515 0.58431372549019611 0.58823529411764708 0.59215686274509804 0.59607843137254901 0.59999999999999998 0.60392156862745094 0.60784313725490191 0.61176470588235299 0.61568627450980395 0.61960784313725492 0.62352941176470589 0.62745098039215685 0.63137254901960782 0.63529411764705879 0.63921568627450975 0.64313725490196083 0.6470588235294118 0.65098039215686276 0.65490196078431373 0.6588235294117647 0.66274509803921566 0.66666666666666663 0.6705882352941176 0.67450980392156867 0.67843137254901964 0.68235294117647061 0.68627450980392157 0.69019607843137254 0.69411764705882351 0.69803921568627447 0.70196078431372544 0.70588235294117652 0.70980392156862748 0.71372549019607845 0.71764705882352942 0.72156862745098038 0.72549019607843135 0.72941176470588232 0.73333333333333328 0.73725490196078436 0.74117647058823533 0.74509803921568629 0.74901960784313726 0.75294117647058822 0.75686274509803919 0.76078431372549016 0.76470588235294112 0.7686274509803922 0.77254901960784317 0.77647058823529413 0.7803921568627451 0.78431372549019607 0.78823529411764703 0.792156862745098 0.79607843137254897 0.80000000000000004 0.80392156862745101 0.80784313725490198 0.81176470588235294 0.81568627450980391 0.81960784313725488 0.82352941176470584 0.82745098039215681 0.83137254901960789 0.83529411764705885 0.83921568627450982 0.84313725490196079 0.84705882352941175 0.85098039215686272 0.85490196078431369 0.85882352941176465 0.86274509803921573 0.8666666666666667 0.87058823529411766 0.87450980392156863 0.8784313725490196 0.88235294117647056 0.88627450980392153 0.8901960784313725 0.89411764705882357 0.89803921568627454 0.90196078431372551 0.90588235294117647 0.90980392156862744 0.9137254901960784 0.91764705882352937 0.92156862745098034 0.92549019607843142 0.92941176470588238 0.93333333333333335 0.93725490196078431 0.94117647058823528 0.94509803921568625 0.94901960784313721 0.95294117647058818 0.95686274509803926 0.96078431372549022 0.96470588235294119 0.96862745098039216 0.97254901960784312 0.97647058823529409 0.98039215686274506 0.98431372549019602 0.9882352941176471 0.99215686274509807 0.99607843137254903 1)))
(GimpDeviceInfo "USB Optical Mouse"
    (icon-name "gimp-cursor")
    (name "USB Optical Mouse")
    (tool-options "GimpFilterOptions"
        (tool "gimp-gegl-tool"))
    (use-fg-bg no)
    (use-opacity-paint-mode no)
    (use-brush no)
    (use-dynamics no)
    (use-mypaint-brush no)
    (use-gradient no)
    (use-pattern no)
    (use-palette no)
    (use-font no)
    (mode disabled)
    (axes 4 x y pressure xtilt)
    (keys 0)
    (pressure-curve
        (curve-type smooth)
        (points 4 0 0 1 1)
        (point-types 2 smooth smooth)
        (n-samples 256)
        (samples 256 0 0.0039220000000000001 0.0078429999999999993 0.011764999999999999 0.015685999999999999 0.019608 0.023529000000000001 0.027451 0.031372999999999998 0.035293999999999999 0.039216000000000001 0.043137000000000002 0.047058999999999997 0.050979999999999998 0.054901999999999999 0.058824000000000001 0.062744999999999995 0.066667000000000004 0.070587999999999998 0.074510000000000007 0.078431000000000001 0.082352999999999996 0.086275000000000004 0.090195999999999998 0.094117999999999993 0.098039000000000001 0.101961 0.105882 0.109804 0.11372500000000001 0.117647 0.121569 0.12548999999999999 0.129412 0.13333300000000001 0.13725499999999999 0.141176 0.145098 0.14902000000000001 0.15294099999999999 0.156863 0.16078400000000001 0.16470599999999999 0.168627 0.17254900000000001 0.17647099999999999 0.180392 0.18431400000000001 0.18823500000000001 0.19215699999999999 0.196078 0.20000000000000001 0.20392199999999999 0.207843 0.21176500000000001 0.21568599999999999 0.219608 0.22352900000000001 0.22745099999999999 0.231373 0.235294 0.23921600000000001 0.24313699999999999 0.247059 0.25097999999999998 0.25490200000000002 0.258824 0.26274500000000001 0.26666699999999999 0.270588 0.27450999999999998 0.27843099999999998 0.28235300000000002 0.286275 0.29019600000000001 0.29411799999999999 0.298039 0.30196099999999998 0.30588199999999999 0.30980400000000002 0.31372499999999998 0.31764700000000001 0.32156899999999999 0.32549 0.32941199999999998 0.33333299999999999 0.33725500000000003 0.34117599999999998 0.34509800000000002 0.34902 0.352941 0.35686299999999999 0.36078399999999999 0.36470599999999997 0.36862699999999998 0.37254900000000002 0.376471 0.38039200000000001 0.38431399999999999 0.388235 0.39215699999999998 0.39607799999999999 0.40000000000000002 0.403922 0.40784300000000001 0.41176499999999999 0.415686 0.41960799999999998 0.42352899999999999 0.42745100000000003 0.43137300000000001 0.43529400000000001 0.439216 0.443137 0.44705899999999998 0.45097999999999999 0.45490199999999997 0.45882400000000001 0.46274500000000002 0.466667 0.47058800000000001 0.47450999999999999 0.478431 0.48235299999999998 0.48627500000000001 0.49019600000000002 0.494118 0.49803900000000001 0.50196099999999999 0.50588200000000005 0.50980400000000003 0.51372499999999999 0.51764699999999997 0.52156899999999995 0.52549000000000001 0.52941199999999999 0.53333299999999995 0.53725500000000004 0.54117599999999999 0.54509799999999997 0.54901999999999995 0.55294100000000002 0.556863 0.56078399999999995 0.56470600000000004 0.56862699999999999 0.57254899999999997 0.57647099999999996 0.58039200000000002 0.584314 0.58823499999999995 0.59215700000000004 0.596078 0.59999999999999998 0.60392199999999996 0.60784300000000002 0.611765 0.61568599999999996 0.61960800000000005 0.623529 0.62745099999999998 0.63137299999999996 0.63529400000000003 0.63921600000000001 0.64313699999999996 0.64705900000000005 0.65098 0.65490199999999998 0.65882399999999997 0.66274500000000003 0.66666700000000001 0.67058799999999996 0.67451000000000005 0.67843100000000001 0.68235299999999999 0.68627499999999997 0.69019600000000003 0.69411800000000001 0.69803899999999997 0.70196099999999995 0.70588200000000001 0.70980399999999999 0.71372500000000005 0.71764700000000003 0.72156900000000002 0.72548999999999997 0.72941199999999995 0.73333300000000001 0.73725499999999999 0.74117599999999995 0.74509800000000004 0.74902000000000002 0.75294099999999997 0.75686299999999995 0.76078400000000002 0.764706 0.76862699999999995 0.77254900000000004 0.77647100000000002 0.78039199999999997 0.78431399999999996 0.78823500000000002 0.792157 0.79607799999999995 0.80000000000000004 0.80392200000000003 0.80784299999999998 0.81176499999999996 0.81568600000000002 0.819608 0.82352899999999996 0.82745100000000005 0.83137300000000003 0.83529399999999998 0.83921599999999996 0.84313700000000003 0.84705900000000001 0.85097999999999996 0.85490200000000005 0.85882400000000003 0.86274499999999998 0.86666699999999997 0.87058800000000003 0.87451000000000001 0.87843099999999996 0.88235300000000005 0.88627500000000003 0.89019599999999999 0.89411799999999997 0.89803900000000003 0.90196100000000001 0.90588199999999997 0.90980399999999995 0.91372500000000001 0.91764699999999999 0.92156899999999997 0.92549000000000003 0.92941200000000002 0.93333299999999997 0.93725499999999995 0.94117600000000001 0.94509799999999999 0.94901999999999997 0.95294100000000004 0.95686300000000002 0.96078399999999997 0.96470599999999995 0.96862700000000002 0.972549 0.97647099999999998 0.98039200000000004 0.98431400000000002 0.98823499999999997 0.99215699999999996 0.99607800000000002 1)))
(GimpDeviceInfo "Virtual core XTEST pointer"
    (icon-name "gimp-cursor")
    (name "Virtual core XTEST pointer")
    (tool-options "GimpFilterOptions"
        (tool "gimp-gegl-tool"))
    (use-fg-bg no)
    (use-opacity-paint-mode no)
    (use-brush no)
    (use-dynamics no)
    (use-mypaint-brush no)
    (use-gradient no)
    (use-pattern no)
    (use-palette no)
    (use-font no)
    (mode disabled)
    (axes 2 x y)
    (keys 0)
    (pressure-curve
        (curve-type smooth)
        (points 4 0 0 1 1)
        (point-types 2 smooth smooth)
        (n-samples 256)
        (samples 256 0 0.0039220000000000001 0.0078429999999999993 0.011764999999999999 0.015685999999999999 0.019608 0.023529000000000001 0.027451 0.031372999999999998 0.035293999999999999 0.039216000000000001 0.043137000000000002 0.047058999999999997 0.050979999999999998 0.054901999999999999 0.058824000000000001 0.062744999999999995 0.066667000000000004 0.070587999999999998 0.074510000000000007 0.078431000000000001 0.082352999999999996 0.086275000000000004 0.090195999999999998 0.094117999999999993 0.098039000000000001 0.101961 0.105882 0.109804 0.11372500000000001 0.117647 0.121569 0.12548999999999999 0.129412 0.13333300000000001 0.13725499999999999 0.141176 0.145098 0.14902000000000001 0.15294099999999999 0.156863 0.16078400000000001 0.16470599999999999 0.168627 0.17254900000000001 0.17647099999999999 0.180392 0.18431400000000001 0.18823500000000001 0.19215699999999999 0.196078 0.20000000000000001 0.20392199999999999 0.207843 0.21176500000000001 0.21568599999999999 0.219608 0.22352900000000001 0.22745099999999999 0.231373 0.235294 0.23921600000000001 0.24313699999999999 0.247059 0.25097999999999998 0.25490200000000002 0.258824 0.26274500000000001 0.26666699999999999 0.270588 0.27450999999999998 0.27843099999999998 0.28235300000000002 0.286275 0.29019600000000001 0.29411799999999999 0.298039 0.30196099999999998 0.30588199999999999 0.30980400000000002 0.31372499999999998 0.31764700000000001 0.32156899999999999 0.32549 0.32941199999999998 0.33333299999999999 0.33725500000000003 0.34117599999999998 0.34509800000000002 0.34902 0.352941 0.35686299999999999 0.36078399999999999 0.36470599999999997 0.36862699999999998 0.37254900000000002 0.376471 0.38039200000000001 0.38431399999999999 0.388235 0.39215699999999998 0.39607799999999999 0.40000000000000002 0.403922 0.40784300000000001 0.41176499999999999 0.415686 0.41960799999999998 0.42352899999999999 0.42745100000000003 0.43137300000000001 0.43529400000000001 0.439216 0.443137 0.44705899999999998 0.45097999999999999 0.45490199999999997 0.45882400000000001 0.46274500000000002 0.466667 0.47058800000000001 0.47450999999999999 0.478431 0.48235299999999998 0.48627500000000001 0.49019600000000002 0.494118 0.49803900000000001 0.50196099999999999 0.50588200000000005 0.50980400000000003 0.51372499999999999 0.51764699999999997 0.52156899999999995 0.52549000000000001 0.52941199999999999 0.53333299999999995 0.53725500000000004 0.54117599999999999 0.54509799999999997 0.54901999999999995 0.55294100000000002 0.556863 0.56078399999999995 0.56470600000000004 0.56862699999999999 0.57254899999999997 0.57647099999999996 0.58039200000000002 0.584314 0.58823499999999995 0.59215700000000004 0.596078 0.59999999999999998 0.60392199999999996 0.60784300000000002 0.611765 0.61568599999999996 0.61960800000000005 0.623529 0.62745099999999998 0.63137299999999996 0.63529400000000003 0.63921600000000001 0.64313699999999996 0.64705900000000005 0.65098 0.65490199999999998 0.65882399999999997 0.66274500000000003 0.66666700000000001 0.67058799999999996 0.67451000000000005 0.67843100000000001 0.68235299999999999 0.68627499999999997 0.69019600000000003 0.69411800000000001 0.69803899999999997 0.70196099999999995 0.70588200000000001 0.70980399999999999 0.71372500000000005 0.71764700000000003 0.72156900000000002 0.72548999999999997 0.72941199999999995 0.73333300000000001 0.73725499999999999 0.74117599999999995 0.74509800000000004 0.74902000000000002 0.75294099999999997 0.75686299999999995 0.76078400000000002 0.764706 0.76862699999999995 0.77254900000000004 0.77647100000000002 0.78039199999999997 0.78431399999999996 0.78823500000000002 0.792157 0.79607799999999995 0.80000000000000004 0.80392200000000003 0.80784299999999998 0.81176499999999996 0.81568600000000002 0.819608 0.82352899999999996 0.82745100000000005 0.83137300000000003 0.83529399999999998 0.83921599999999996 0.84313700000000003 0.84705900000000001 0.85097999999999996 0.85490200000000005 0.85882400000000003 0.86274499999999998 0.86666699999999997 0.87058800000000003 0.87451000000000001 0.87843099999999996 0.88235300000000005 0.88627500000000003 0.89019599999999999 0.89411799999999997 0.89803900000000003 0.90196100000000001 0.90588199999999997 0.90980399999999995 0.91372500000000001 0.91764699999999999 0.92156899999999997 0.92549000000000003 0.92941200000000002 0.93333299999999997 0.93725499999999995 0.94117600000000001 0.94509799999999999 0.94901999999999997 0.95294100000000004 0.95686300000000002 0.96078399999999997 0.96470599999999995 0.96862700000000002 0.972549 0.97647099999999998 0.98039200000000004 0.98431400000000002 0.98823499999999997 0.99215699999999996 0.99607800000000002 1)))
(GimpDeviceInfo "Wacom One by Wacom S Pen eraser"
    (icon-name "gimp-tool-eraser")
    (name "Wacom One by Wacom S Pen eraser")
    (tool-options "GimpEraserOptions"
        (tool "gimp-eraser-tool")
        (foreground (color-rgb 0.3366336633663366 0.3366336633663366 0.3366336633663366))
        (brush "2. Hardness 100")
        (dynamics "Dynamics Off")
        (palette "los_sar")
        (brush-size 7)
        (brush-force 0.73299999999999998))
    (use-fg-bg yes)
    (use-opacity-paint-mode no)
    (use-brush no)
    (use-dynamics no)
    (use-mypaint-brush no)
    (use-gradient no)
    (use-pattern no)
    (use-palette no)
    (use-font no)
    (mode disabled)
    (axes 6 x y pressure xtilt ytilt wheel)
    (keys 248 "" "" "" "" "" "" "" "" "" "" "" "" "" "" "" "" "" "" "" "" "" "" "" "" "" "" "" "" "" "" "" "" "" "" "" "" "" "" "" "" "" "" "" "" "" "" "" "" "" "" "" "" "" "" "" "" "" "" "" "" "" "" "" "" "" "" "" "" "" "" "" "" "" "" "" "" "" "" "" "" "" "" "" "" "" "" "" "" "" "" "" "" "" "" "" "" "" "" "" "" "" "" "" "" "" "" "" "" "" "" "" "" "" "" "" "" "" "" "" "" "" "" "" "" "" "" "" "" "" "" "" "" "" "" "" "" "" "" "" "" "" "" "" "" "" "" "" "" "" "" "" "" "" "" "" "" "" "" "" "" "" "" "" "" "" "" "" "" "" "" "" "" "" "" "" "" "" "" "" "" "" "" "" "" "" "" "" "" "" "" "" "" "" "" "" "" "" "" "" "" "" "" "" "" "" "" "" "" "" "" "" "" "" "" "" "" "" "" "" "" "" "" "" "" "" "" "" "" "" "" "" "" "" "" "" "" "" "" "" "" "" "" "" "" "" "" "" "")
    (pressure-curve
        (curve-type smooth)
        (points 0)
        (point-types 0)
        (n-samples 256)
        (samples 256 0 0.0039215686274509803 0.0078431372549019607 0.011764705882352941 0.015686274509803921 0.019607843137254902 0.023529411764705882 0.027450980392156862 0.031372549019607843 0.035294117647058823 0.039215686274509803 0.043137254901960784 0.047058823529411764 0.050980392156862744 0.054901960784313725 0.058823529411764705 0.062745098039215685 0.066666666666666666 0.070588235294117646 0.074509803921568626 0.078431372549019607 0.082352941176470587 0.086274509803921567 0.090196078431372548 0.094117647058823528 0.098039215686274508 0.10196078431372549 0.10588235294117647 0.10980392156862745 0.11372549019607843 0.11764705882352941 0.12156862745098039 0.12549019607843137 0.12941176470588237 0.13333333333333333 0.13725490196078433 0.14117647058823529 0.14509803921568629 0.14901960784313725 0.15294117647058825 0.15686274509803921 0.16078431372549021 0.16470588235294117 0.16862745098039217 0.17254901960784313 0.17647058823529413 0.1803921568627451 0.18431372549019609 0.18823529411764706 0.19215686274509805 0.19607843137254902 0.20000000000000001 0.20392156862745098 0.20784313725490197 0.21176470588235294 0.21568627450980393 0.2196078431372549 0.22352941176470589 0.22745098039215686 0.23137254901960785 0.23529411764705882 0.23921568627450981 0.24313725490196078 0.24705882352941178 0.25098039215686274 0.25490196078431371 0.25882352941176473 0.2627450980392157 0.26666666666666666 0.27058823529411763 0.27450980392156865 0.27843137254901962 0.28235294117647058 0.28627450980392155 0.29019607843137257 0.29411764705882354 0.29803921568627451 0.30196078431372547 0.30588235294117649 0.30980392156862746 0.31372549019607843 0.31764705882352939 0.32156862745098042 0.32549019607843138 0.32941176470588235 0.33333333333333331 0.33725490196078434 0.3411764705882353 0.34509803921568627 0.34901960784313724 0.35294117647058826 0.35686274509803922 0.36078431372549019 0.36470588235294116 0.36862745098039218 0.37254901960784315 0.37647058823529411 0.38039215686274508 0.3843137254901961 0.38823529411764707 0.39215686274509803 0.396078431372549 0.40000000000000002 0.40392156862745099 0.40784313725490196 0.41176470588235292 0.41568627450980394 0.41960784313725491 0.42352941176470588 0.42745098039215684 0.43137254901960786 0.43529411764705883 0.4392156862745098 0.44313725490196076 0.44705882352941179 0.45098039215686275 0.45490196078431372 0.45882352941176469 0.46274509803921571 0.46666666666666667 0.47058823529411764 0.47450980392156861 0.47843137254901963 0.4823529411764706 0.48627450980392156 0.49019607843137253 0.49411764705882355 0.49803921568627452 0.50196078431372548 0.50588235294117645 0.50980392156862742 0.51372549019607838 0.51764705882352946 0.52156862745098043 0.52549019607843139 0.52941176470588236 0.53333333333333333 0.53725490196078429 0.54117647058823526 0.54509803921568623 0.5490196078431373 0.55294117647058827 0.55686274509803924 0.5607843137254902 0.56470588235294117 0.56862745098039214 0.5725490196078431 0.57647058823529407 0.58039215686274515 0.58431372549019611 0.58823529411764708 0.59215686274509804 0.59607843137254901 0.59999999999999998 0.60392156862745094 0.60784313725490191 0.61176470588235299 0.61568627450980395 0.61960784313725492 0.62352941176470589 0.62745098039215685 0.63137254901960782 0.63529411764705879 0.63921568627450975 0.64313725490196083 0.6470588235294118 0.65098039215686276 0.65490196078431373 0.6588235294117647 0.66274509803921566 0.66666666666666663 0.6705882352941176 0.67450980392156867 0.67843137254901964 0.68235294117647061 0.68627450980392157 0.69019607843137254 0.69411764705882351 0.69803921568627447 0.70196078431372544 0.70588235294117652 0.70980392156862748 0.71372549019607845 0.71764705882352942 0.72156862745098038 0.72549019607843135 0.72941176470588232 0.73333333333333328 0.73725490196078436 0.74117647058823533 0.74509803921568629 0.74901960784313726 0.75294117647058822 0.75686274509803919 0.76078431372549016 0.76470588235294112 0.7686274509803922 0.77254901960784317 0.77647058823529413 0.7803921568627451 0.78431372549019607 0.78823529411764703 0.792156862745098 0.79607843137254897 0.80000000000000004 0.80392156862745101 0.80784313725490198 0.81176470588235294 0.81568627450980391 0.81960784313725488 0.82352941176470584 0.82745098039215681 0.83137254901960789 0.83529411764705885 0.83921568627450982 0.84313725490196079 0.84705882352941175 0.85098039215686272 0.85490196078431369 0.85882352941176465 0.86274509803921573 0.8666666666666667 0.87058823529411766 0.87450980392156863 0.8784313725490196 0.88235294117647056 0.88627450980392153 0.8901960784313725 0.89411764705882357 0.89803921568627454 0.90196078431372551 0.90588235294117647 0.90980392156862744 0.9137254901960784 0.91764705882352937 0.92156862745098034 0.92549019607843142 0.92941176470588238 0.93333333333333335 0.93725490196078431 0.94117647058823528 0.94509803921568625 0.94901960784313721 0.95294117647058818 0.95686274509803926 0.96078431372549022 0.96470588235294119 0.96862745098039216 0.97254901960784312 0.97647058823529409 0.98039215686274506 0.98431372549019602 0.9882352941176471 0.99215686274509807 0.99607843137254903 1)))
(GimpDeviceInfo "Wacom One by Wacom S Pen stylus"
    (icon-name "gimp-tool-paintbrush")
    (name "Wacom One by Wacom S Pen stylus")
    (tool-options "GimpPencilOptions"
        (tool "gimp-pencil-tool")
        (foreground (color-rgb 0.6045454545454545 0.71306818181818188 0.2734527587890625))
        (background (color-rgb 0 0 0))
        (brush "2. Hardness 075")
        (dynamics "Pressure Size")
        (gradient "FG to BG (HSV clockwise hue)")
        (palette "Op2")
        (brush-size 27)
        (brush-hardness 0.75)
        (brush-force 0.73299999999999998)
        (application-mode incremental)
        (jitter-amount 0)
        (dynamics-expanded yes)
        (fade-length 473)
        (gradient-reverse yes)
        (brush-view-type list))
    (use-fg-bg yes)
    (use-opacity-paint-mode no)
    (use-brush yes)
    (use-dynamics yes)
    (use-mypaint-brush no)
    (use-gradient yes)
    (use-pattern no)
    (use-palette yes)
    (use-font no)
    (mode screen)
    (axes 6 x y pressure xtilt ytilt wheel)
    (keys 248 "" "" "" "" "" "" "" "" "" "" "" "" "" "" "" "" "" "" "" "" "" "" "" "" "" "" "" "" "" "" "" "" "" "" "" "" "" "" "" "" "" "" "" "" "" "" "" "" "" "" "" "" "" "" "" "" "" "" "" "" "" "" "" "" "" "" "" "" "" "" "" "" "" "" "" "" "" "" "" "" "" "" "" "" "" "" "" "" "" "" "" "" "" "" "" "" "" "" "" "" "" "" "" "" "" "" "" "" "" "" "" "" "" "" "" "" "" "" "" "" "" "" "" "" "" "" "" "" "" "" "" "" "" "" "" "" "" "" "" "" "" "" "" "" "" "" "" "" "" "" "" "" "" "" "" "" "" "" "" "" "" "" "" "" "" "" "" "" "" "" "" "" "" "" "" "" "" "" "" "" "" "" "" "" "" "" "" "" "" "" "" "" "" "" "" "" "" "" "" "" "" "" "" "" "" "" "" "" "" "" "" "" "" "" "" "" "" "" "" "" "" "" "" "" "" "" "" "" "" "" "" "" "" "" "" "" "" "" "" "" "" "" "" "" "" "" "" "")
    (pressure-curve
        (curve-type smooth)
        (points 0)
        (point-types 0)
        (n-samples 256)
        (samples 256 0 0.0039215686274509803 0.0078431372549019607 0.011764705882352941 0.015686274509803921 0.019607843137254902 0.023529411764705882 0.027450980392156862 0.031372549019607843 0.035294117647058823 0.039215686274509803 0.043137254901960784 0.047058823529411764 0.050980392156862744 0.054901960784313725 0.058823529411764705 0.062745098039215685 0.066666666666666666 0.070588235294117646 0.074509803921568626 0.078431372549019607 0.082352941176470587 0.086274509803921567 0.090196078431372548 0.094117647058823528 0.098039215686274508 0.10196078431372549 0.10588235294117647 0.10980392156862745 0.11372549019607843 0.11764705882352941 0.12156862745098039 0.12549019607843137 0.12941176470588237 0.13333333333333333 0.13725490196078433 0.14117647058823529 0.14509803921568629 0.14901960784313725 0.15294117647058825 0.15686274509803921 0.16078431372549021 0.16470588235294117 0.16862745098039217 0.17254901960784313 0.17647058823529413 0.1803921568627451 0.18431372549019609 0.18823529411764706 0.19215686274509805 0.19607843137254902 0.20000000000000001 0.20392156862745098 0.20784313725490197 0.21176470588235294 0.21568627450980393 0.2196078431372549 0.22352941176470589 0.22745098039215686 0.23137254901960785 0.23529411764705882 0.23921568627450981 0.24313725490196078 0.24705882352941178 0.25098039215686274 0.25490196078431371 0.25882352941176473 0.2627450980392157 0.26666666666666666 0.27058823529411763 0.27450980392156865 0.27843137254901962 0.28235294117647058 0.28627450980392155 0.29019607843137257 0.29411764705882354 0.29803921568627451 0.30196078431372547 0.30588235294117649 0.30980392156862746 0.31372549019607843 0.31764705882352939 0.32156862745098042 0.32549019607843138 0.32941176470588235 0.33333333333333331 0.33725490196078434 0.3411764705882353 0.34509803921568627 0.34901960784313724 0.35294117647058826 0.35686274509803922 0.36078431372549019 0.36470588235294116 0.36862745098039218 0.37254901960784315 0.37647058823529411 0.38039215686274508 0.3843137254901961 0.38823529411764707 0.39215686274509803 0.396078431372549 0.40000000000000002 0.40392156862745099 0.40784313725490196 0.41176470588235292 0.41568627450980394 0.41960784313725491 0.42352941176470588 0.42745098039215684 0.43137254901960786 0.43529411764705883 0.4392156862745098 0.44313725490196076 0.44705882352941179 0.45098039215686275 0.45490196078431372 0.45882352941176469 0.46274509803921571 0.46666666666666667 0.47058823529411764 0.47450980392156861 0.47843137254901963 0.4823529411764706 0.48627450980392156 0.49019607843137253 0.49411764705882355 0.49803921568627452 0.50196078431372548 0.50588235294117645 0.50980392156862742 0.51372549019607838 0.51764705882352946 0.52156862745098043 0.52549019607843139 0.52941176470588236 0.53333333333333333 0.53725490196078429 0.54117647058823526 0.54509803921568623 0.5490196078431373 0.55294117647058827 0.55686274509803924 0.5607843137254902 0.56470588235294117 0.56862745098039214 0.5725490196078431 0.57647058823529407 0.58039215686274515 0.58431372549019611 0.58823529411764708 0.59215686274509804 0.59607843137254901 0.59999999999999998 0.60392156862745094 0.60784313725490191 0.61176470588235299 0.61568627450980395 0.61960784313725492 0.62352941176470589 0.62745098039215685 0.63137254901960782 0.63529411764705879 0.63921568627450975 0.64313725490196083 0.6470588235294118 0.65098039215686276 0.65490196078431373 0.6588235294117647 0.66274509803921566 0.66666666666666663 0.6705882352941176 0.67450980392156867 0.67843137254901964 0.68235294117647061 0.68627450980392157 0.69019607843137254 0.69411764705882351 0.69803921568627447 0.70196078431372544 0.70588235294117652 0.70980392156862748 0.71372549019607845 0.71764705882352942 0.72156862745098038 0.72549019607843135 0.72941176470588232 0.73333333333333328 0.73725490196078436 0.74117647058823533 0.74509803921568629 0.74901960784313726 0.75294117647058822 0.75686274509803919 0.76078431372549016 0.76470588235294112 0.7686274509803922 0.77254901960784317 0.77647058823529413 0.7803921568627451 0.78431372549019607 0.78823529411764703 0.792156862745098 0.79607843137254897 0.80000000000000004 0.80392156862745101 0.80784313725490198 0.81176470588235294 0.81568627450980391 0.81960784313725488 0.82352941176470584 0.82745098039215681 0.83137254901960789 0.83529411764705885 0.83921568627450982 0.84313725490196079 0.84705882352941175 0.85098039215686272 0.85490196078431369 0.85882352941176465 0.86274509803921573 0.8666666666666667 0.87058823529411766 0.87450980392156863 0.8784313725490196 0.88235294117647056 0.88627450980392153 0.8901960784313725 0.89411764705882357 0.89803921568627454 0.90196078431372551 0.90588235294117647 0.90980392156862744 0.9137254901960784 0.91764705882352937 0.92156862745098034 0.92549019607843142 0.92941176470588238 0.93333333333333335 0.93725490196078431 0.94117647058823528 0.94509803921568625 0.94901960784313721 0.95294117647058818 0.95686274509803926 0.96078431372549022 0.96470588235294119 0.96862745098039216 0.97254901960784312 0.97647058823529409 0.98039215686274506 0.98431372549019602 0.9882352941176471 0.99215686274509807 0.99607843137254903 1)))
(GimpDeviceInfo "ETPS/2 Elantech Touchpad"
    (icon-name "gimp-cursor")
    (name "ETPS/2 Elantech Touchpad")
    (tool-options "GimpBucketFillOptions"
        (tool "gimp-bucket-fill-tool")
        (foreground (color-rgb 0.90588199999999997 0.82352899999999996 0.76862699999999995))
        (background (color-rgb 0 0 0))
        (pattern "Slate")
        (brush-size 51)
        (brush-hardness 0.5))
    (use-fg-bg yes)
    (use-opacity-paint-mode yes)
    (use-brush no)
    (use-dynamics no)
    (use-mypaint-brush no)
    (use-gradient no)
    (use-pattern yes)
    (use-palette no)
    (use-font no)
    (mode disabled)
    (axes 4 x y pressure xtilt)
    (keys 0)
    (pressure-curve
        (curve-type smooth)
        (points 4 0 0 1 1)
        (point-types 2 smooth smooth)
        (n-samples 256)
        (samples 256 0 0.0039220000000000001 0.0078429999999999993 0.011764999999999999 0.015685999999999999 0.019608 0.023529000000000001 0.027451 0.031372999999999998 0.035293999999999999 0.039216000000000001 0.043137000000000002 0.047058999999999997 0.050979999999999998 0.054901999999999999 0.058824000000000001 0.062744999999999995 0.066667000000000004 0.070587999999999998 0.074510000000000007 0.078431000000000001 0.082352999999999996 0.086275000000000004 0.090195999999999998 0.094117999999999993 0.098039000000000001 0.101961 0.105882 0.109804 0.11372500000000001 0.117647 0.121569 0.12548999999999999 0.129412 0.13333300000000001 0.13725499999999999 0.141176 0.145098 0.14902000000000001 0.15294099999999999 0.156863 0.16078400000000001 0.16470599999999999 0.168627 0.17254900000000001 0.17647099999999999 0.180392 0.18431400000000001 0.18823500000000001 0.19215699999999999 0.196078 0.20000000000000001 0.20392199999999999 0.207843 0.21176500000000001 0.21568599999999999 0.219608 0.22352900000000001 0.22745099999999999 0.231373 0.235294 0.23921600000000001 0.24313699999999999 0.247059 0.25097999999999998 0.25490200000000002 0.258824 0.26274500000000001 0.26666699999999999 0.270588 0.27450999999999998 0.27843099999999998 0.28235300000000002 0.286275 0.29019600000000001 0.29411799999999999 0.298039 0.30196099999999998 0.30588199999999999 0.30980400000000002 0.31372499999999998 0.31764700000000001 0.32156899999999999 0.32549 0.32941199999999998 0.33333299999999999 0.33725500000000003 0.34117599999999998 0.34509800000000002 0.34902 0.352941 0.35686299999999999 0.36078399999999999 0.36470599999999997 0.36862699999999998 0.37254900000000002 0.376471 0.38039200000000001 0.38431399999999999 0.388235 0.39215699999999998 0.39607799999999999 0.40000000000000002 0.403922 0.40784300000000001 0.41176499999999999 0.415686 0.41960799999999998 0.42352899999999999 0.42745100000000003 0.43137300000000001 0.43529400000000001 0.439216 0.443137 0.44705899999999998 0.45097999999999999 0.45490199999999997 0.45882400000000001 0.46274500000000002 0.466667 0.47058800000000001 0.47450999999999999 0.478431 0.48235299999999998 0.48627500000000001 0.49019600000000002 0.494118 0.49803900000000001 0.50196099999999999 0.50588200000000005 0.50980400000000003 0.51372499999999999 0.51764699999999997 0.52156899999999995 0.52549000000000001 0.52941199999999999 0.53333299999999995 0.53725500000000004 0.54117599999999999 0.54509799999999997 0.54901999999999995 0.55294100000000002 0.556863 0.56078399999999995 0.56470600000000004 0.56862699999999999 0.57254899999999997 0.57647099999999996 0.58039200000000002 0.584314 0.58823499999999995 0.59215700000000004 0.596078 0.59999999999999998 0.60392199999999996 0.60784300000000002 0.611765 0.61568599999999996 0.61960800000000005 0.623529 0.62745099999999998 0.63137299999999996 0.63529400000000003 0.63921600000000001 0.64313699999999996 0.64705900000000005 0.65098 0.65490199999999998 0.65882399999999997 0.66274500000000003 0.66666700000000001 0.67058799999999996 0.67451000000000005 0.67843100000000001 0.68235299999999999 0.68627499999999997 0.69019600000000003 0.69411800000000001 0.69803899999999997 0.70196099999999995 0.70588200000000001 0.70980399999999999 0.71372500000000005 0.71764700000000003 0.72156900000000002 0.72548999999999997 0.72941199999999995 0.73333300000000001 0.73725499999999999 0.74117599999999995 0.74509800000000004 0.74902000000000002 0.75294099999999997 0.75686299999999995 0.76078400000000002 0.764706 0.76862699999999995 0.77254900000000004 0.77647100000000002 0.78039199999999997 0.78431399999999996 0.78823500000000002 0.792157 0.79607799999999995 0.80000000000000004 0.80392200000000003 0.80784299999999998 0.81176499999999996 0.81568600000000002 0.819608 0.82352899999999996 0.82745100000000005 0.83137300000000003 0.83529399999999998 0.83921599999999996 0.84313700000000003 0.84705900000000001 0.85097999999999996 0.85490200000000005 0.85882400000000003 0.86274499999999998 0.86666699999999997 0.87058800000000003 0.87451000000000001 0.87843099999999996 0.88235300000000005 0.88627500000000003 0.89019599999999999 0.89411799999999997 0.89803900000000003 0.90196100000000001 0.90588199999999997 0.90980399999999995 0.91372500000000001 0.91764699999999999 0.92156899999999997 0.92549000000000003 0.92941200000000002 0.93333299999999997 0.93725499999999995 0.94117600000000001 0.94509799999999999 0.94901999999999997 0.95294100000000004 0.95686300000000002 0.96078399999999997 0.96470599999999995 0.96862700000000002 0.972549 0.97647099999999998 0.98039200000000004 0.98431400000000002 0.98823499999999997 0.99215699999999996 0.99607800000000002 1)))
(GimpDeviceInfo "USB Keyboard"
    (name "USB Keyboard")
    (tool-options "GimpFilterOptions"
        (tool "gimp-gegl-tool"))
    (use-fg-bg no)
    (use-opacity-paint-mode no)
    (use-brush no)
    (use-dynamics no)
    (use-mypaint-brush no)
    (use-gradient no)
    (use-pattern no)
    (use-palette no)
    (use-font no)
    (mode disabled)
    (axes 4 x y pressure xtilt)
    (keys 0)
    (pressure-curve
        (curve-type smooth)
        (points 4 0 0 1 1)
        (point-types 2 smooth smooth)
        (n-samples 256)
        (samples 256 0 0.0039220000000000001 0.0078429999999999993 0.011764999999999999 0.015685999999999999 0.019608 0.023529000000000001 0.027451 0.031372999999999998 0.035293999999999999 0.039216000000000001 0.043137000000000002 0.047058999999999997 0.050979999999999998 0.054901999999999999 0.058824000000000001 0.062744999999999995 0.066667000000000004 0.070587999999999998 0.074510000000000007 0.078431000000000001 0.082352999999999996 0.086275000000000004 0.090195999999999998 0.094117999999999993 0.098039000000000001 0.101961 0.105882 0.109804 0.11372500000000001 0.117647 0.121569 0.12548999999999999 0.129412 0.13333300000000001 0.13725499999999999 0.141176 0.145098 0.14902000000000001 0.15294099999999999 0.156863 0.16078400000000001 0.16470599999999999 0.168627 0.17254900000000001 0.17647099999999999 0.180392 0.18431400000000001 0.18823500000000001 0.19215699999999999 0.196078 0.20000000000000001 0.20392199999999999 0.207843 0.21176500000000001 0.21568599999999999 0.219608 0.22352900000000001 0.22745099999999999 0.231373 0.235294 0.23921600000000001 0.24313699999999999 0.247059 0.25097999999999998 0.25490200000000002 0.258824 0.26274500000000001 0.26666699999999999 0.270588 0.27450999999999998 0.27843099999999998 0.28235300000000002 0.286275 0.29019600000000001 0.29411799999999999 0.298039 0.30196099999999998 0.30588199999999999 0.30980400000000002 0.31372499999999998 0.31764700000000001 0.32156899999999999 0.32549 0.32941199999999998 0.33333299999999999 0.33725500000000003 0.34117599999999998 0.34509800000000002 0.34902 0.352941 0.35686299999999999 0.36078399999999999 0.36470599999999997 0.36862699999999998 0.37254900000000002 0.376471 0.38039200000000001 0.38431399999999999 0.388235 0.39215699999999998 0.39607799999999999 0.40000000000000002 0.403922 0.40784300000000001 0.41176499999999999 0.415686 0.41960799999999998 0.42352899999999999 0.42745100000000003 0.43137300000000001 0.43529400000000001 0.439216 0.443137 0.44705899999999998 0.45097999999999999 0.45490199999999997 0.45882400000000001 0.46274500000000002 0.466667 0.47058800000000001 0.47450999999999999 0.478431 0.48235299999999998 0.48627500000000001 0.49019600000000002 0.494118 0.49803900000000001 0.50196099999999999 0.50588200000000005 0.50980400000000003 0.51372499999999999 0.51764699999999997 0.52156899999999995 0.52549000000000001 0.52941199999999999 0.53333299999999995 0.53725500000000004 0.54117599999999999 0.54509799999999997 0.54901999999999995 0.55294100000000002 0.556863 0.56078399999999995 0.56470600000000004 0.56862699999999999 0.57254899999999997 0.57647099999999996 0.58039200000000002 0.584314 0.58823499999999995 0.59215700000000004 0.596078 0.59999999999999998 0.60392199999999996 0.60784300000000002 0.611765 0.61568599999999996 0.61960800000000005 0.623529 0.62745099999999998 0.63137299999999996 0.63529400000000003 0.63921600000000001 0.64313699999999996 0.64705900000000005 0.65098 0.65490199999999998 0.65882399999999997 0.66274500000000003 0.66666700000000001 0.67058799999999996 0.67451000000000005 0.67843100000000001 0.68235299999999999 0.68627499999999997 0.69019600000000003 0.69411800000000001 0.69803899999999997 0.70196099999999995 0.70588200000000001 0.70980399999999999 0.71372500000000005 0.71764700000000003 0.72156900000000002 0.72548999999999997 0.72941199999999995 0.73333300000000001 0.73725499999999999 0.74117599999999995 0.74509800000000004 0.74902000000000002 0.75294099999999997 0.75686299999999995 0.76078400000000002 0.764706 0.76862699999999995 0.77254900000000004 0.77647100000000002 0.78039199999999997 0.78431399999999996 0.78823500000000002 0.792157 0.79607799999999995 0.80000000000000004 0.80392200000000003 0.80784299999999998 0.81176499999999996 0.81568600000000002 0.819608 0.82352899999999996 0.82745100000000005 0.83137300000000003 0.83529399999999998 0.83921599999999996 0.84313700000000003 0.84705900000000001 0.85097999999999996 0.85490200000000005 0.85882400000000003 0.86274499999999998 0.86666699999999997 0.87058800000000003 0.87451000000000001 0.87843099999999996 0.88235300000000005 0.88627500000000003 0.89019599999999999 0.89411799999999997 0.89803900000000003 0.90196100000000001 0.90588199999999997 0.90980399999999995 0.91372500000000001 0.91764699999999999 0.92156899999999997 0.92549000000000003 0.92941200000000002 0.93333299999999997 0.93725499999999995 0.94117600000000001 0.94509799999999999 0.94901999999999997 0.95294100000000004 0.95686300000000002 0.96078399999999997 0.96470599999999995 0.96862700000000002 0.972549 0.97647099999999998 0.98039200000000004 0.98431400000000002 0.98823499999999997 0.99215699999999996 0.99607800000000002 1)))
(GimpDeviceInfo "USB Keyboard Consumer Control"
    (name "USB Keyboard Consumer Control")
    (tool-options "GimpPaintOptions"
        (tool "gimp-paintbrush-tool")
        (foreground (color-rgb 0.84899999999999998 0.59099999999999997 1.1990000000000001))
        (background (color-rgb 0.035293999999999999 0.105882 0.16470599999999999))
        (brush "2. Hardness 050")
        (dynamics "Dynamics Off")
        (gradient "Standard")
        (palette "Standard")
        (brush-size 21)
        (brush-hardness 0.215)
        (gradient-reverse yes))
    (use-fg-bg yes)
    (use-opacity-paint-mode no)
    (use-brush yes)
    (use-dynamics yes)
    (use-mypaint-brush no)
    (use-gradient yes)
    (use-pattern no)
    (use-palette yes)
    (use-font no)
    (mode disabled)
    (axes 4 x y pressure xtilt)
    (keys 0)
    (pressure-curve
        (curve-type smooth)
        (points 4 0 0 1 1)
        (point-types 2 smooth smooth)
        (n-samples 256)
        (samples 256 0 0.0039220000000000001 0.0078429999999999993 0.011764999999999999 0.015685999999999999 0.019608 0.023529000000000001 0.027451 0.031372999999999998 0.035293999999999999 0.039216000000000001 0.043137000000000002 0.047058999999999997 0.050979999999999998 0.054901999999999999 0.058824000000000001 0.062744999999999995 0.066667000000000004 0.070587999999999998 0.074510000000000007 0.078431000000000001 0.082352999999999996 0.086275000000000004 0.090195999999999998 0.094117999999999993 0.098039000000000001 0.101961 0.105882 0.109804 0.11372500000000001 0.117647 0.121569 0.12548999999999999 0.129412 0.13333300000000001 0.13725499999999999 0.141176 0.145098 0.14902000000000001 0.15294099999999999 0.156863 0.16078400000000001 0.16470599999999999 0.168627 0.17254900000000001 0.17647099999999999 0.180392 0.18431400000000001 0.18823500000000001 0.19215699999999999 0.196078 0.20000000000000001 0.20392199999999999 0.207843 0.21176500000000001 0.21568599999999999 0.219608 0.22352900000000001 0.22745099999999999 0.231373 0.235294 0.23921600000000001 0.24313699999999999 0.247059 0.25097999999999998 0.25490200000000002 0.258824 0.26274500000000001 0.26666699999999999 0.270588 0.27450999999999998 0.27843099999999998 0.28235300000000002 0.286275 0.29019600000000001 0.29411799999999999 0.298039 0.30196099999999998 0.30588199999999999 0.30980400000000002 0.31372499999999998 0.31764700000000001 0.32156899999999999 0.32549 0.32941199999999998 0.33333299999999999 0.33725500000000003 0.34117599999999998 0.34509800000000002 0.34902 0.352941 0.35686299999999999 0.36078399999999999 0.36470599999999997 0.36862699999999998 0.37254900000000002 0.376471 0.38039200000000001 0.38431399999999999 0.388235 0.39215699999999998 0.39607799999999999 0.40000000000000002 0.403922 0.40784300000000001 0.41176499999999999 0.415686 0.41960799999999998 0.42352899999999999 0.42745100000000003 0.43137300000000001 0.43529400000000001 0.439216 0.443137 0.44705899999999998 0.45097999999999999 0.45490199999999997 0.45882400000000001 0.46274500000000002 0.466667 0.47058800000000001 0.47450999999999999 0.478431 0.48235299999999998 0.48627500000000001 0.49019600000000002 0.494118 0.49803900000000001 0.50196099999999999 0.50588200000000005 0.50980400000000003 0.51372499999999999 0.51764699999999997 0.52156899999999995 0.52549000000000001 0.52941199999999999 0.53333299999999995 0.53725500000000004 0.54117599999999999 0.54509799999999997 0.54901999999999995 0.55294100000000002 0.556863 0.56078399999999995 0.56470600000000004 0.56862699999999999 0.57254899999999997 0.57647099999999996 0.58039200000000002 0.584314 0.58823499999999995 0.59215700000000004 0.596078 0.59999999999999998 0.60392199999999996 0.60784300000000002 0.611765 0.61568599999999996 0.61960800000000005 0.623529 0.62745099999999998 0.63137299999999996 0.63529400000000003 0.63921600000000001 0.64313699999999996 0.64705900000000005 0.65098 0.65490199999999998 0.65882399999999997 0.66274500000000003 0.66666700000000001 0.67058799999999996 0.67451000000000005 0.67843100000000001 0.68235299999999999 0.68627499999999997 0.69019600000000003 0.69411800000000001 0.69803899999999997 0.70196099999999995 0.70588200000000001 0.70980399999999999 0.71372500000000005 0.71764700000000003 0.72156900000000002 0.72548999999999997 0.72941199999999995 0.73333300000000001 0.73725499999999999 0.74117599999999995 0.74509800000000004 0.74902000000000002 0.75294099999999997 0.75686299999999995 0.76078400000000002 0.764706 0.76862699999999995 0.77254900000000004 0.77647100000000002 0.78039199999999997 0.78431399999999996 0.78823500000000002 0.792157 0.79607799999999995 0.80000000000000004 0.80392200000000003 0.80784299999999998 0.81176499999999996 0.81568600000000002 0.819608 0.82352899999999996 0.82745100000000005 0.83137300000000003 0.83529399999999998 0.83921599999999996 0.84313700000000003 0.84705900000000001 0.85097999999999996 0.85490200000000005 0.85882400000000003 0.86274499999999998 0.86666699999999997 0.87058800000000003 0.87451000000000001 0.87843099999999996 0.88235300000000005 0.88627500000000003 0.89019599999999999 0.89411799999999997 0.89803900000000003 0.90196100000000001 0.90588199999999997 0.90980399999999995 0.91372500000000001 0.91764699999999999 0.92156899999999997 0.92549000000000003 0.92941200000000002 0.93333299999999997 0.93725499999999995 0.94117600000000001 0.94509799999999999 0.94901999999999997 0.95294100000000004 0.95686300000000002 0.96078399999999997 0.96470599999999995 0.96862700000000002 0.972549 0.97647099999999998 0.98039200000000004 0.98431400000000002 0.98823499999999997 0.99215699999999996 0.99607800000000002 1)))
(GimpDeviceInfo "USB OPTICAL MOUSE "
    (icon-name "gimp-cursor")
    (name "USB OPTICAL MOUSE ")
    (tool-options "GimpPencilOptions"
        (tool "gimp-pencil-tool")
        (foreground (color-rgb 0.45544554455445541 0.45544554455445541 0.45544554455445541))
        (background (color-rgb 0 0 0))
        (brush "2. Hardness 100")
        (dynamics "Basic Simple")
        (gradient "FG to BG (HSV clockwise hue)")
        (palette "Color History")
        (brush-size 2)
        (brush-force 0.73299999999999998)
        (jitter-amount 0)
        (dynamics-expanded yes)
        (fade-length 748)
        (fade-reverse yes)
        (gradient-reverse yes)
        (brush-view-type list))
    (use-fg-bg yes)
    (use-opacity-paint-mode no)
    (use-brush yes)
    (use-dynamics yes)
    (use-mypaint-brush no)
    (use-gradient yes)
    (use-pattern no)
    (use-palette yes)
    (use-font no)
    (mode disabled)
    (axes 4 x y pressure xtilt)
    (keys 0)
    (pressure-curve
        (curve-type smooth)
        (points 0)
        (point-types 0)
        (n-samples 256)
        (samples 256 0 0.0039215686274509803 0.0078431372549019607 0.011764705882352941 0.015686274509803921 0.019607843137254902 0.023529411764705882 0.027450980392156862 0.031372549019607843 0.035294117647058823 0.039215686274509803 0.043137254901960784 0.047058823529411764 0.050980392156862744 0.054901960784313725 0.058823529411764705 0.062745098039215685 0.066666666666666666 0.070588235294117646 0.074509803921568626 0.078431372549019607 0.082352941176470587 0.086274509803921567 0.090196078431372548 0.094117647058823528 0.098039215686274508 0.10196078431372549 0.10588235294117647 0.10980392156862745 0.11372549019607843 0.11764705882352941 0.12156862745098039 0.12549019607843137 0.12941176470588237 0.13333333333333333 0.13725490196078433 0.14117647058823529 0.14509803921568629 0.14901960784313725 0.15294117647058825 0.15686274509803921 0.16078431372549021 0.16470588235294117 0.16862745098039217 0.17254901960784313 0.17647058823529413 0.1803921568627451 0.18431372549019609 0.18823529411764706 0.19215686274509805 0.19607843137254902 0.20000000000000001 0.20392156862745098 0.20784313725490197 0.21176470588235294 0.21568627450980393 0.2196078431372549 0.22352941176470589 0.22745098039215686 0.23137254901960785 0.23529411764705882 0.23921568627450981 0.24313725490196078 0.24705882352941178 0.25098039215686274 0.25490196078431371 0.25882352941176473 0.2627450980392157 0.26666666666666666 0.27058823529411763 0.27450980392156865 0.27843137254901962 0.28235294117647058 0.28627450980392155 0.29019607843137257 0.29411764705882354 0.29803921568627451 0.30196078431372547 0.30588235294117649 0.30980392156862746 0.31372549019607843 0.31764705882352939 0.32156862745098042 0.32549019607843138 0.32941176470588235 0.33333333333333331 0.33725490196078434 0.3411764705882353 0.34509803921568627 0.34901960784313724 0.35294117647058826 0.35686274509803922 0.36078431372549019 0.36470588235294116 0.36862745098039218 0.37254901960784315 0.37647058823529411 0.38039215686274508 0.3843137254901961 0.38823529411764707 0.39215686274509803 0.396078431372549 0.40000000000000002 0.40392156862745099 0.40784313725490196 0.41176470588235292 0.41568627450980394 0.41960784313725491 0.42352941176470588 0.42745098039215684 0.43137254901960786 0.43529411764705883 0.4392156862745098 0.44313725490196076 0.44705882352941179 0.45098039215686275 0.45490196078431372 0.45882352941176469 0.46274509803921571 0.46666666666666667 0.47058823529411764 0.47450980392156861 0.47843137254901963 0.4823529411764706 0.48627450980392156 0.49019607843137253 0.49411764705882355 0.49803921568627452 0.50196078431372548 0.50588235294117645 0.50980392156862742 0.51372549019607838 0.51764705882352946 0.52156862745098043 0.52549019607843139 0.52941176470588236 0.53333333333333333 0.53725490196078429 0.54117647058823526 0.54509803921568623 0.5490196078431373 0.55294117647058827 0.55686274509803924 0.5607843137254902 0.56470588235294117 0.56862745098039214 0.5725490196078431 0.57647058823529407 0.58039215686274515 0.58431372549019611 0.58823529411764708 0.59215686274509804 0.59607843137254901 0.59999999999999998 0.60392156862745094 0.60784313725490191 0.61176470588235299 0.61568627450980395 0.61960784313725492 0.62352941176470589 0.62745098039215685 0.63137254901960782 0.63529411764705879 0.63921568627450975 0.64313725490196083 0.6470588235294118 0.65098039215686276 0.65490196078431373 0.6588235294117647 0.66274509803921566 0.66666666666666663 0.6705882352941176 0.67450980392156867 0.67843137254901964 0.68235294117647061 0.68627450980392157 0.69019607843137254 0.69411764705882351 0.69803921568627447 0.70196078431372544 0.70588235294117652 0.70980392156862748 0.71372549019607845 0.71764705882352942 0.72156862745098038 0.72549019607843135 0.72941176470588232 0.73333333333333328 0.73725490196078436 0.74117647058823533 0.74509803921568629 0.74901960784313726 0.75294117647058822 0.75686274509803919 0.76078431372549016 0.76470588235294112 0.7686274509803922 0.77254901960784317 0.77647058823529413 0.7803921568627451 0.78431372549019607 0.78823529411764703 0.792156862745098 0.79607843137254897 0.80000000000000004 0.80392156862745101 0.80784313725490198 0.81176470588235294 0.81568627450980391 0.81960784313725488 0.82352941176470584 0.82745098039215681 0.83137254901960789 0.83529411764705885 0.83921568627450982 0.84313725490196079 0.84705882352941175 0.85098039215686272 0.85490196078431369 0.85882352941176465 0.86274509803921573 0.8666666666666667 0.87058823529411766 0.87450980392156863 0.8784313725490196 0.88235294117647056 0.88627450980392153 0.8901960784313725 0.89411764705882357 0.89803921568627454 0.90196078431372551 0.90588235294117647 0.90980392156862744 0.9137254901960784 0.91764705882352937 0.92156862745098034 0.92549019607843142 0.92941176470588238 0.93333333333333335 0.93725490196078431 0.94117647058823528 0.94509803921568625 0.94901960784313721 0.95294117647058818 0.95686274509803926 0.96078431372549022 0.96470588235294119 0.96862745098039216 0.97254901960784312 0.97647058823529409 0.98039215686274506 0.98431372549019602 0.9882352941176471 0.99215686274509807 0.99607843137254903 1)))

# end of devicerc
